Concorso	Data	Ruota	N1	N2	N3	N4	N5
86	18/07/2019	Nazionale	1	38	14	44	43
87	20/07/2019	Nazionale	33	9	12	18	34
88	23/07/2019	Nazionale	32	41	21	2	5
89	25/07/2019	Nazionale	23	39	16	35	29
90	27/07/2019	Nazionale	26	33	42	39	30
91	30/07/2019	Nazionale	14	2	12	25	33
92	01/08/2019	Nazionale	17	30	31	3	18
93	03/08/2019	Nazionale	39	40	1	38	32
94	06/08/2019	Nazionale	16	18	5	38	15
95	08/08/2019	Nazionale	18	15	2	8	16
96	10/08/2019	Nazionale	7	31	30	5	44
97	13/08/2019	Nazionale	4	9	44	1	33
98	16/08/2019	Nazionale	3	41	25	26	30
99	17/08/2019	Nazionale	7	35	45	29	15
100	20/08/2019	Nazionale	32	6	44	40	43
101	22/08/2019	Nazionale	20	4	26	24	1
102	24/08/2019	Nazionale	10	12	30	18	7
103	27/08/2019	Nazionale	7	42	29	27	15
104	29/08/2019	Nazionale	14	40	24	2	1
105	31/08/2019	Nazionale	43	36	2	3	16
106	03/09/2019	Palermo	29	13	5	14	16
107	05/09/2019	Palermo	16	17	9	10	43
108	07/09/2019	Palermo	20	40	4	34	1
109	10/09/2019	Palermo	15	21	2	30	9
110	12/09/2019	Palermo	9	36	31	44	19
111	14/09/2019	Palermo	20	37	40	24	6
112	17/09/2019	Palermo	6	28	27	42	33
113	19/09/2019	Palermo	43	32	18	38	26
114	21/09/2019	Palermo	27	1	30	21	4
115	24/09/2019	Palermo	17	9	40	24	26
116	26/09/2019	Palermo	29	38	18	20	9
117	28/09/2019	Palermo	28	21	45	3	23
118	01/10/2019	Roma	1	8	14	43	32
119	03/10/2019	Roma	41	36	34	42	45
120	05/10/2019	Roma	5	45	23	42	11
121	08/10/2019	Roma	11	34	14	6	35
122	10/10/2019	Roma	4	37	43	3	44
123	12/10/2019	Roma	23	8	15	12	18
124	15/10/2019	Roma	10	40	1	33	4
125	17/10/2019	Roma	35	37	16	31	18
126	19/10/2019	Roma	5	34	35	14	22
127	22/10/2019	Roma	38	40	7	35	21
128	24/10/2019	Roma	32	3	6	28	12
129	26/10/2019	Roma	26	22	7	35	27
130	29/10/2019	Roma	32	10	42	11	24
131	31/10/2019	Roma	23	20	33	2	31
132	02/11/2019	Torino	24	41	37	7	35
133	05/11/2019	Torino	18	24	42	41	37
134	07/11/2019	Torino	26	19	17	5	40
135	09/11/2019	Torino	29	8	22	3	9
136	12/11/2019	Torino	21	24	2	33	45
137	14/11/2019	Torino	37	45	17	9	12
138	16/11/2019	Torino	12	36	5	45	19
139	19/11/2019	Torino	30	42	27	24	29
140	21/11/2019	Torino	3	19	12	31	11
141	23/11/2019	Torino	16	6	21	9	10
142	26/11/2019	Torino	2	25	10	40	28
143	28/11/2019	Torino	23	1	14	26	2
144	30/11/2019	Torino	35	7	23	15	12
145	03/12/2019	Venezia	29	36	9	5	4
146	05/12/2019	Venezia	4	22	12	2	20
147	07/12/2019	Venezia	30	2	25	31	22
148	10/12/2019	Venezia	7	1	26	38	23
149	12/12/2019	Venezia	23	1	45	22	24
150	14/12/2019	Venezia	9	7	25	5	35
151	17/12/2019	Venezia	14	17	1	25	7
152	19/12/2019	Venezia	8	15	27	41	45
153	21/12/2019	Venezia	18	17	34	7	39
154	24/12/2019	Venezia	1	24	23	14	4
155	27/12/2019	Venezia	30	39	25	10	5
156	28/12/2019	Venezia	15	14	8	27	4
157	29/12/2019	Venezia	17	31	21	18	42
1	02/01/2020	Bari	6	26	16	33	27
2	04/01/2020	Bari	43	36	29	35	31
3	07/01/2020	Bari	34	3	2	21	29
4	09/01/2020	Bari	3	35	38	12	28
5	11/01/2020	Bari	13	3	44	30	37
6	14/01/2020	Bari	39	1	32	45	25
7	16/01/2020	Bari	11	40	17	4	43
8	18/01/2020	Bari	22	1	36	42	15
9	21/01/2020	Bari	45	33	23	41	1
10	23/01/2020	Bari	45	16	6	33	43
11	25/01/2020	Bari	36	25	22	21	29
12	28/01/2020	Bari	31	36	35	33	24
13	30/01/2020	Bari	15	5	6	11	25
14	01/02/2020	Cagliari	32	45	44	17	4
15	04/02/2020	Cagliari	23	40	21	33	12
16	06/02/2020	Cagliari	43	9	34	15	5
17	08/02/2020	Cagliari	28	25	13	8	42
18	11/02/2020	Cagliari	36	20	1	9	22
19	13/02/2020	Cagliari	22	41	19	11	9
20	15/02/2020	Cagliari	20	22	41	35	13
21	18/02/2020	Cagliari	38	2	18	29	4
22	20/02/2020	Cagliari	40	33	17	18	14
23	22/02/2020	Cagliari	32	20	44	11	41
24	25/02/2020	Cagliari	11	41	39	31	15
25	27/02/2020	Cagliari	25	9	29	17	26
26	29/02/2020	Cagliari	18	24	19	41	20
27	03/03/2020	Firenze	34	40	5	18	17
28	05/03/2020	Firenze	4	35	32	42	24
29	07/03/2020	Firenze	20	29	40	13	33
30	10/03/2020	Firenze	11	34	4	23	20
31	12/03/2020	Firenze	23	10	43	22	26
32	14/03/2020	Firenze	14	42	4	45	1
33	17/03/2020	Firenze	19	38	17	39	14
34	19/03/2020	Firenze	37	41	1	13	30
35	21/03/2020	Firenze	3	17	7	11	45
54	05/05/2020	Milano	38	30	32	15	5
55	07/05/2020	Milano	15	24	21	34	17
56	09/05/2020	Milano	26	14	3	15	43
57	12/05/2020	Milano	28	33	29	14	36
58	14/05/2020	Milano	13	5	38	22	20
59	16/05/2020	Milano	26	43	5	42	11
60	19/05/2020	Milano	8	36	27	9	35
61	21/05/2020	Milano	6	35	8	45	32
62	23/05/2020	Milano	43	18	9	11	39
63	26/05/2020	Milano	15	12	3	44	16
64	28/05/2020	Milano	17	21	45	13	10
65	30/05/2020	Milano	29	11	5	35	7
66	03/06/2020	Napoli	21	29	26	14	28
67	04/06/2020	Napoli	15	31	7	45	11
68	06/06/2020	Napoli	24	3	4	33	32
69	09/06/2020	Napoli	13	36	31	26	28
70	11/06/2020	Napoli	13	32	37	23	21
71	13/06/2020	Napoli	38	20	5	2	22
72	16/06/2020	Napoli	9	7	10	35	34
73	18/06/2020	Napoli	44	21	12	10	1
74	20/06/2020	Napol	6	10	13	39	14
75	23/06/2020	Napoli	35	12	1	29	18
76	25/06/2020	Napoli	26	4	44	30	8
77	27/06/2020	Napoli	12	43	36	26	34
78	30/06/2020	Napoli	35	20	18	29	42
79	02/07/2020	Nazionale	26	45	36	1	38
80	04/07/2020	Nazionale	27	5	11	14	17
81	07/07/2020	Nazionale	12	39	8	27	26
82	09/07/2020	Nazionale	2	13	21	39	36
83	11/07/2020	Nazionale	26	33	45	30	29
84	14/07/2020	Nazionale	11	35	25	43	28
85	16/07/2020	Nazionale	36	44	38	25	7
86	18/07/2020	Nazionale	37	5	10	8	29
87	21/07/2020	Nazionale	5	26	45	16	20
88	23/07/2020	Nazionale	37	6	11	38	30
89	25/07/2020	Nazionale	4	16	19	12	1
90	28/07/2020	Nazionale	4	33	46	1	25
91	30/07/2020	Nazionale	7	21	45	35	2
92	01/08/2020	Genova	43	12	6	44	39
93	04/08/2020	Genova	29	11	3	17	34
94	06/08/2020	Genova	39	1	38	30	16
95	08/08/2020	Genova	2	3	16	40	23
96	11/08/2020	Genova	24	4	1	45	3
97	13/08/2020	Genova	11	36	6	30	5
98	17/08/2020	Genova	45	5	28	30	2
99	18/08/2020	Genova	14	41	15	18	1
100	20/08/2020	Genova	32	42	10	19	31
101	22/08/2020	Genova	14	38	21	36	34
102	25/08/2020	Genova	45	36	41	15	34
103	27/08/2020	Genova	30	27	43	7	8
104	29/08/2020	Genova	18	6	5	10	44
105	01/09/2020	Palermo	39	40	4	2	11
106	03/09/2020	Palermo	24	10	44	22	2
107	05/09/2020	Palermo	6	36	17	27	41
108	08/09/2020	Palermo	4	26	21	28	2
109	10/09/2020	Palermo	38	24	41	17	9
110	12/09/2020	Palermo	3	21	18	36	39
111	15/09/2020	Palermo	13	23	2	18	1
112	17/09/2020	Palermo	25	6	22	12	21
113	19/09/2020	Palermo	36	22	29	28	13
114	22/09/2020	Palermo	7	42	39	12	2
115	24/09/2020	Palermo	39	8	29	3	9
116	26/09/2020	Palermo	21	7	14	16	18
117	29/09/2020	Palermo	16	42	18	10	37
118	01/10/2020	Roma	36	13	1	40	28
119	03/10/2020	Roma	22	27	40	13	2
120	06/10/2020	Roma	6	17	12	21	43
121	08/10/2020	Roma	8	7	36	42	22
122	10/10/2020	Roma	45	2	38	9	8
123	13/10/2020	Roma	16	25	6	13	11
124	15/10/2020	Roma	3	11	8	38	40
125	17/10/2020	Roma	33	13	15	14	5
126	20/10/2020	Roma	36	4	12	6	44
127	22/10/2020	Roma	26	17	37	15	39
128	24/10/2020	Roma	34	15	36	41	3
129	27/10/2020	Roma	12	25	26	23	13
130	29/10/2020	Roma	8	19	11	28	37
131	31/10/2020	Roma	17	38	40	32	3
132	03/11/2020	Torino	18	21	6	36	13
133	05/11/2020	Torino	3	5	43	38	23
134	07/11/2020	Torino	14	45	9	30	21
135	10/11/2020	Torino	4	21	2	33	26
136	12/11/2020	Torino	11	29	30	25	12
137	14/11/2020	Torino	28	14	31	19	35
138	17/11/2020	Torino	29	17	36	6	42
139	19/11/2020	Torino	42	3	32	19	15
140	21/11/2020	Torino	11	28	21	14	22
141	24/11/2020	Torino	7	26	35	45	40
142	26/11/2020	Torino	43	27	16	11	40
143	28/11/2020	Torino	12	4	41	6	44
144	01/12/2020	Venezia	11	14	3	17	20
145	03/12/2020	Venezia	6	11	42	45	33
146	05/12/2020	Venezia	2	17	40	12	15
147	09/12/2020	Venezia	29	9	30	44	34
148	10/12/2020	Venezia	40	5	7	1	4
149	12/12/2020	Venezia	37	45	15	34	22
150	15/12/2020	Venezia	8	11	40	36	5
151	17/12/2020	Venezia	7	13	31	1	12
152	19/12/2020	Venezia	42	6	38	14	1
153	22/12/2020	Venezia	23	43	44	6	42
154	24/12/2020	Venezia	19	23	26	38	22
155	28/12/2020	Venezia	13	12	23	33	10
156	29/12/2020	Venezia	39	8	41	24	9
157	31/12/2020	Venezia	8	4	1	18	29
1	02/01/2021	Bari	8	33	18	12	3
2	05/01/2021	Bari	27	13	44	2	16
3	07/01/2021	Bari	42	0	8	22	32
4	09/01/2021	Bari	10	8	6	38	21
5	12/01/2021	Bari	3	43	42	36	17
6	14/01/2021	Bari	12	13	5	37	11
7	16/01/2021	Bari	4	9	2	39	29
8	19/01/2021	Bari	34	9	38	12	19
9	21/01/2021	Bari	38	4	36	33	1
10	23/01/2021	Bari	14	28	38	24	15
11	26/01/2021	Bari	39	7	26	25	19
12	28/01/2021	Bari	9	1	38	5	7
13	30/01/2021	Bari	20	6	34	22	44
14	02/02/2021	Cagliari	3	20	18	16	26
15	04/02/2021	Cagliari	29	12	26	44	33
16	06/02/2021	Cagliari	15	3	31	1	24
17	09/02/2021	Cagliari	19	2	9	41	14
18	11/02/2021	Cagliari	39	12	16	28	6
19	13/02/2021	Cagliari	9	18	19	7	12
20	16/02/2021	Cagliari	2	6	22	20	27
21	18/02/2021	Cagliari	21	38	27	16	13
22	20/02/2021	Cagliari	23	3	25	7	5
23	23/02/2021	Cagliari	34	13	23	35	20
24	25/02/2021	Cagliari	13	29	12	28	37
25	27/02/2021	Cagliari	14	45	40	11	34
26	02/03/2021	Firenze	32	30	35	1	2
27	04/03/2021	Firenze	10	30	43	12	37
28	06/03/2021	Firenze	26	19	31	3	41
29	09/03/2021	Firenze	43	22	5	20	16
30	11/03/2021	Firenze	20	4	29	19	43
31	13/03/2021	Firenze	2	11	14	28	20
32	16/03/2021	Firenze	5	28	20	10	18
33	18/03/2021	Firenze	39	33	38	25	11
34	20/03/2021	Firenze	20	12	24	19	37
35	23/03/2021	Firenze	18	3	34	35	19
36	25/03/2021	Firenze	27	25	14	17	24
37	27/03/2021	Firenze	20	42	25	35	23
38	30/03/2021	Firenze	33	27	45	1	25
39	01/04/2021	Genova	32	30	27	20	5
40	03/04/2021	Genova	39	21	28	40	18
41	06/04/2021	Genova	32	29	6	41	45
42	08/04/2021	Genova	10	22	30	36	23
43	10/04/2021	Genova	36	7	31	3	43
44	13/04/2021	Genova	13	15	28	42	18
45	15/04/2021	Genova	34	35	22	30	5
46	17/04/2021	Genova	38	36	41	17	13
47	20/04/2021	Genova	35	34	45	11	27
48	22/04/2021	Genova	15	12	33	45	19
49	24/04/2021	Genova	28	4	5	35	39
50	27/04/2021	Genova	32	42	22	8	18
51	29/04/2021	Genova	11	3	40	44	19
52	03/05/2021	Milano	15	9	5	41	26
53	04/05/2021	Milano	33	17	43	1	9
54	06/05/2021	Milano	19	36	15	23	16
55	08/05/2021	Milano	14	39	1	23	21
56	11/05/2021	Milano	45	15	32	35	9
57	13/05/2021	Milano	14	7	20	22	28
58	15/05/2021	Milano	24	36	6	28	21
59	18/05/2021	Milano	11	32	25	20	29
60	20/05/2021	Milano	23	27	20	15	44
61	22/05/2021	Milano	20	25	43	21	1
62	25/05/2021	Milano	3	44	1	36	35
63	27/05/2021	Milano	8	13	40	25	14
64	29/05/2021	Milano	3	27	30	35	32
65	01/6/2021	Napoli	9	39	38	19	16
66	03/06/2021	Napoli	42	34	17	13	38
67	05/06/2021	Napoli	40	27	42	14	19
68	08/06/2021	Napoli	14	26	19	25	23
69	10/06/2021	Napoli	1	18	26	15	23
70	12/06/2021	Napoli	32	18	29	36	13
71	15/06/2021	Napoli	36	42	5	20	37
72	17/06/2021	Napoli	28	6	15	42	20
73	19/06/2021	Napoli	38	27	1	3	32
74	22/06/2021	Napoli	23	25	40	24	15
75	24/06/2021	Napoli	33	42	10	16	23
76	26/06/2021	Napoli	13	29	5	42	24
77	29/06/2021	Napoli	23	20	27	39	19
78	01/07/2021	Nazionale	34	40	13	43	30
79	03/07/2021	Nazionale	14	27	43	18	26
80	06/07/2021	Nazionale	21	25	10	45	28
81	08/07/2021	Nazionale	36	28	33	15	11
82	10/07/2021	Nazionale	2	8	3	12	36
83	13/07/2021	Nazionale	12	28	34	32	8
84	15/07/2021	Nazionale	12	24	25	6	14
85	17/07/2021	Nazionale	41	45	23	34	15
86	20/07/2021	Nazionale	29	16	9	23	3
87	22/07/2021	Nazionale	34	13	3	35	30
88	24/07/2021	Nazionale	14	24	17	7	22
89	27/07/2021	Nazionale	5	22	19	44	7
90	29/07/2021	Nazionale	38	11	37	13	9
91	31/07/2021	Nazionale	16	35	9	40	1
92	03/08/2021	Nazionale	39	29	44	24	45
93	05/08/2021	Nazionale	36	5	22	11	3
94	07/08/2021	Nazionale	14	7	25	12	28
95	10/08/2021	Nazionale	21	30	29	33	20
96	12/08/2021	Nazionale	28	9	26	32	8
97	14/08/2021	Nazionale	11	2	45	8	22
98	17/08/2021	Nazionale	1	36	33	42	25
99	19/08/2021	Nazionale	26	29	21	3	28
100	21/08/2021	Nazionale	33	32	5	1	18
101	24/08/2021	Nazionale	26	2	18	33	1
102	26/08/2021	Nazionale	37	10	23	24	8
103	28/08/2021	Nazionale	8	19	28	33	11
104	31/08/2021	Nazionale	10	6	31	7	17
105	02/09/2021	Palermo	44	35	4	30	3
106	04/09/2021	Palermo	13	17	3	44	37
107	07/09/2021	Palermo	3	1	20	31	27
108	09/09/2021	Palermo	13	9	5	33	15
109	11/09/2021	Palermo	24	5	35	30	40
110	14/09/2021	Palermo	31	37	26	38	12
111	16/09/2021	Palermo	11	3	43	29	6
112	18/09/2021	Palermo	16	38	40	18	8
113	21/09/2021	Palermo	11	12	45	13	27
114	23/09/2021	Palermo	11	28	26	9	32
115	25/09/2021	Palermo	32	29	27	34	4
116	28/09/2021	Palermo	23	30	13	35	33
117	30/09/2021	Palermo	21	25	38	44	15
118	02/10/2021	Roma	3	27	7	32	29
119	05/10/2021	Roma	7	42	6	21	15
120	07/10/2021	Roma	28	32	30	20	26
121	09/10/2021	Roma	27	40	39	23	1
122	12/10/2021	Roma	42	27	40	35	28
123	14/10/2021	Roma	16	1	32	7	42
124	16/10/2021	Roma	20	33	4	29	32
125	19/10/2021	Roma	13	36	7	6	2
126	21/10/2021	Roma	31	43	14	44	12
127	23/10/2021	Roma	45	21	35	38	26
128	26/10/2021	Roma	8	9	22	10	7
129	28/10/2021	Roma	8	3	35	13	10
130	30/10/2021	Roma	16	1	45	24	40
131	02/11/2021	Torino	10	33	42	35	3
132	04/11/2021	Torino	23	14	7	38	4
133	06/11/2021	Torino	6	36	1	2	27
134	09/11/2021	Torino	5	41	37	26	12
135	11/11/2021	Torino	30	35	34	11	21
136	13/11/2021	Torino	35	6	13	28	12
137	16/11/2021	Torino	29	24	23	31	15
138	18/11/2021	Torino	12	31	10	34	29
139	20/11/2021	Torino	24	45	27	37	36
140	23/11/2021	Torino	28	13	12	30	40
141	25/11/2021	Torino	11	5	22	20	19
142	27/11/2021	Torino	1	38	24	2	6
143	30/11/2021	Torino	21	25	33	18	39
144	02/12/2021	Venezia	5	33	7	28	34
145	04/12/2021	Venezia	25	40	24	11	32
146	07/12/2021	Venezia	16	42	13	29	3
147	09/12/2021	Venezia	37	7	15	1	28
148	11/12/2021	Venezia	27	37	24	40	28
149	14/12/2021	Venezia	40	2	32	42	27
150	16/12/2021	Venezia	30	41	26	36	17
151	18/12/2021	Venezia	33	8	40	14	9
152	21/12/2021	Venezia	26	40	30	44	32
153	23/12/2021	Venezia	28	40	36	14	29
154	27/12/2021	Venezia	1	16	17	7	14
155	28/12/2021	Venezia	13	3	18	11	1
156	30/12/2021	Venezia	7	14	6	45	4
1	03/01/2022	Bari	26	3	5	25	11
2	04/01/2022	Bari	16	4	6	27	39
3	07/01/2022	Bari	18	37	16	39	35
4	08/01/2022	Bari	30	28	26	21	45
5	11/01/2022	Bari	26	33	16	31	11
6	13/01/2022	Bari	7	2	10	41	6
7	15/01/2022	Bari	43	3	2	18	15
8	18/01/2022	Bari	6	39	25	9	41
9	20/01/2022	Bari	40	22	11	7	19
10	22/01/2022	Bari	44	23	1	4	20
11	25/01/2022	Bari	43	14	19	4	42
12	27/01/2022	Bari	7	38	4	34	39
13	29/01/2022	Bari	43	15	17	2	7
14	01/02/2022	Cagliari	45	8	19	20	15
15	03/02/2022	Cagliari	4	16	18	30	41
16	05/02/2022	Cagliari	31	39	42	19	7
17	08/02/2022	Cagliari	39	44	32	11	17
18	10/02/2022	Cagliari	30	18	29	24	28
19	12/02/2022	Cagliari	6	35	43	40	12
20	15/02/2022	Cagliari	8	29	44	36	4
21	17/02/2022	Cagliari	22	8	6	21	9
22	19/02/2022	Cagliari	4	35	18	34	19
23	22/02/2022	Cagliari	39	11	40	23	25
24	24/02/2022	Cagliari	11	44	33	15	13
25	26/02/2022	Cagliari	27	12	36	31	32
26	01/03/2022	Firenze	41	37	22	24	9
27	03/03/2022	Firenze	16	18	23	8	42
28	05/03/2022	Firenze	39	44	25	23	15
29	08/03/2022	Firenze	36	23	33	19	38
30	10/03/2022	Firenze	24	38	18	37	14
31	12/03/2022	Firenze	7	23	1	13	16
32	15/03/2022	Firenze	30	5	33	3	14
33	17/03/2022	Firenze	17	30	45	29	10
34	19/03/2022	Firenze	19	41	30	45	4
35	22/03/2022	Firenze	33	20	40	2	20
36	24/03/2022	Firenze	13	26	44	36	38
37	26/03/2022	Firenze	35	14	5	40	10
38	29/03/2022	Firenze	27	12	6	15	34
39	31/03/2022	Firenze	19	20	21	13	40
40	02/04/2022	Genova	13	7	23	29	24
41	05/04/2022	Genova	5	33	29	10	11
42	07/04/2022	Genova	24	45	16	32	38
43	09/04/2022	Genova	28	18	37	7	1
44	12/04/2022	Genova	28	30	33	10	17
45	14/04/2022	Genova	18	37	32	15	14
46	16/04/2022	Genova	45	16	17	6	40
47	19/04/2022	Genova	34	30	32	14	24
48	21/04/2022	Genova	40	41	38	25	29
49	23/04/2022	Genova	23	35	13	18	21
50	26/04/2022	Genova	20	5	25	29	8
51	28/04/2022	Genova	9	44	37	19	18
52	30/04/2022	Genova	42	23	4	10	37
53	03/05/2022	Milano	39	12	7	18	19
54	05/05/2022	Milano	32	9	39	4	25
55	07/05/2022	Milano	32	19	36	9	23
56	10/05/2022	Milano	27	16	44	34	32
57	12/05/2022	Milano	24	28	34	2	33
58	14/05/2022	Milano	18	6	17	39	35
59	17/05/2022	Milano	3	41	18	15	33
60	19/05/2022	Milano	6	26	27	41	28
61	21/05/2022	Milano	41	2	8	13	21
62	24/05/2022	Milano	33	30	12	36	31
63	26/05/2022	Milano	33	4	11	35	37
64	28/05/2022	Milano	12	40	22	31	4
65	31/05/2022	Milano	42	12	38	43	44
66	03/06/2022	Napoli	17	31	40	6	33
67	04/06/2022	Napoli	20	1	26	39	23
68	07/06/2022	Napoli	2	40	17	36	18
69	09/06/2022	Napoli	42	38	26	3	18
70	11/06/2022	Napoli	18	2	4	16	17
71	14/06/2022	Napoli	23	20	7	41	12
72	16/06/2022	Napoli	7	36	34	24	25
73	18/06/2022	Napoli	39	29	25	13	31
74	21/06/2022	Napoli	45	14	44	18	29
75	23/06/2022	Napoli	41	2	32	13	23
76	25/06/2022	Napoli	13	15	28	18	1
77	28/06/2022	Napoli	34	4	30	20	31
78	30/06/2022	Napoli	32	38	37	6	41
79	02/07/2022	Nazionale	37	30	16	27	29
80	05/07/2022	Nazionale	41	15	6	5	40
81	07/07/2022	Nazionale	10	25	5	35	43
82	09/07/2022	Nazionale	3	12	4	42	22
83	12/07/2022	Nazionale	32	29	45	2	37
84	14/07/2022	Nazionale	8	39	31	34	32
85	16/07/2022	Nazionale	16	3	43	11	14
86	19/07/2022	Nazionale	28	40	27	3	19
87	21/07/2022	Nazionale	44	5	13	9	15
88	23/07/2022	Nazionale	21	18	13	35	29
89	26/07/2022	Nazionale	45	8	37	34	39
90	28/07/2022	Nazionale	3	41	22	27	43
91	30/07/2022	Nazionale	16	10	39	3	4
92	02/08/2022	Nazionale	35	22	24	44	43
93	04/08/2022	Nazionale	8	6	23	1	9
94	06/08/2022	Nazionale	38	40	21	16	14
95	09/08/2022	Nazionale	17	5	2	29	45
96	11/08/2022	Nazionale	28	9	34	33	2
97	13/08/2022	Nazionale	17	41	29	5	13
98	16/08/2022	Nazionale	14	34	10	22	11
99	18/08/2022	Nazionale	16	25	44	37	28
100	20/08/2022	Nazionale	32	24	19	40	5
101	23/08/2022	Nazionale	15	21	5	27	8
102	25/08/2022	Nazionale	35	17	7	5	9
103	27/08/2022	Nazionale	30	29	23	39	11
104	30/08/2022	Nazionale	7	45	11	37	4
105	01/09/2022	Palermo	34	19	29	39	21
106	03/09/2022	Palermo	16	32	15	26	14
107	06/09/2022	Palermo	27	3	1	42	35
108	08/09/2022	Palermo	20	21	6	1	43
109	10/09/2022	Palermo	24	34	26	11	23
110	13/09/2022	Palermo	28	42	27	5	29
111	15/09/2022	Palermo	18	22	31	23	11
112	17/09/2022	Palermo	39	19	36	34	14
113	20/09/2022	Palermo	3	32	5	11	45
114	22/09/2022	Palermo	13	10	12	43	32
115	24/09/2022	Palermo	32	17	29	43	21
116	27/09/2022	Palermo	9	7	3	37	40
117	29/09/2022	Palermo	18	3	1	21	20
118	01/10/2022	Roma	23	4	22	43	29
119	04/10/2022	Roma	26	19	41	12	42
120	06/10/2022	Roma	45	33	44	17	30
121	08/10/2022	Roma	36	18	2	23	27
122	11/10/2022	Roma	9	16	24	34	14
123	13/10/2022	Roma	44	8	33	16	24
124	15/10/2022	Roma	34	29	10	42	4
125	18/10/2022	Roma	38	34	6	16	33
126	20/10/2022	Roma	35	23	25	12	28
127	22/10/2022	Roma	42	12	21	43	29
128	25/10/2022	Roma	29	7	3	27	23
129	27/10/2022	Roma	2	5	33	31	10
130	29/10/2022	Roma	29	23	43	34	19
131	02/11/2022	Torino	7	42	40	34	35
132	03/11/2022	Torino	28	3	36	33	18
133	05/11/2022	Torino	38	23	10	26	31
134	08/11/2022	Torino	7	6	2	39	35
135	10/11/2022	Torino	27	36	39	20	22
136	12/11/2022	Torino	30	18	32	4	39
137	15/11/2022	Torino	42	44	27	38	4
138	17/11/2022	Torino	5	36	20	21	29
139	19/11/2022	Torino	3	20	41	5	32
140	22/11/2022	Torino	33	16	29	27	3
141	24/11/2022	Torino	16	19	15	14	33
142	26/11/2022	Torino	31	29	39	2	17
143	29/11/2022	Torino	12	5	4	29	11
144	01/12/2022	Venezia	10	11	16	18	13
145	03/12/2022	Venezia	34	37	26	23	41
146	06/12/2022	Venezia	33	38	15	13	18
147	09/12/2022	Venezia	45	2	33	29	42
148	10/12/2022	Venezia	28	18	14	27	45
149	13/12/2022	Venezia	21	43	33	38	9
150	15/12/2022	Venezia	14	41	2	7	27
151	17/12/2022	Venezia	2	27	24	20	30
152	20/12/2022	Venezia	26	15	40	16	45
153	22/12/2022	Venezia	31	25	42	33	34
154	24/12/2022	Venezia	42	24	25	41	40
155	27/12/2022	Venezia	31	40	4	23	37
156	29/12/2022	Venezia	45	22	17	3	27
157	31/12/2022	Venezia	19	23	16	15	31
1	03/01/2023	Bari	1	30	24	36	31
2	05/01/2023	Bari	25	45	43	39	7
3	07/01/2023	Bari	20	13	45	25	39
4	10/01/2023	Bari	27	37	6	39	11
5	12/01/2023	Bari	31	24	27	12	11
6	14/01/2023	Bari	33	39	12	19	16
7	17/01/2023	Bari	10	15	16	31	30
8	19/01/2023	Bari	41	8	17	7	20
9	21/01/2023	Bari	31	33	4	32	1
10	24/01/2023	Bari	25	36	41	13	2
11	26/01/2023	Bari	20	7	18	40	8
12	28/01/2023	Bari	19	37	9	2	12
13	31/01/2023	Bari	32	37	11	15	6
14	02/02/2023	Cagliari	7	22	21	4	12
15	04/02/2023	Cagliari	2	18	22	19	35
16	07/02/2023	Cagliari	14	8	13	10	43
17	09/02/2023	Cagliari	20	18	23	39	37
18	11/02/2023	Cagliari	17	19	27	42	3
19	14/02/2023	Cagliari	20	34	30	31	8
20	16/02/2023	Cagliari	45	27	23	9	21
21	18/02/2023	Cagliari	22	19	39	6	38
22	21/02/2023	Cagliari	11	28	8	23	10
23	23/02/2023	Cagliari	33	44	26	4	37
24	25/02/2023	Cagliari	11	29	41	36	10
25	28/02/2023	Cagliari	10	9	5	45	7
26	02/03/2023	Firenze	16	41	29	30	6
27	04/03/2023	Firenze	22	28	3	34	31
28	07/03/2023	Firenze	25	37	12	29	32
29	09/03/2023	Firenze	33	19	42	5	30
30	11/03/2023	Firenze	37	31	17	14	36
31	14/03/2023	Firenze	33	5	41	3	28
32	16/03/2023	Firenze	39	4	3	6	34
33	18/03/2023	Firenze	42	17	30	41	7
34	21/03/2023	Firenze	35	14	22	36	29
35	23/03/2023	Firenze	19	23	34	10	39
36	25/03/2023	Firenze	42	34	30	33	15
37	28/03/2023	Firenze	24	29	21	31	34
38	30/03/2023	Firenze	41	9	22	28	26
39	01/04/2023	Genova	26	28	36	44	20
40	04/04/2023	Genova	16	14	23	41	20
41	06/04/2023	Genova	10	16	45	39	29
42	08/04/2023	Genova	27	42	28	37	38
43	11/04/2023	Genova	4	41	1	13	37
44	13/04/2023	Genova	12	16	41	29	1
45	15/04/2023	Genova	38	43	22	32	26
46	18/04/2023	Genova	2	3	11	12	17
47	20/04/2023	Genova	34	32	29	18	43
48	22/04/2023	Genova	6	1	16	9	7
49	26/04/2023	Genova	36	43	22	44	38
50	27/04/2023	Genova	32	35	31	2	33
51	29/04/2023	Genova	36	27	23	6	45
52	02/05/2023	Milano	7	12	35	37	24
53	04/05/2023	Milano	36	13	26	11	5
54	06/05/2023	Milano	44	42	4	29	24
55	09/05/2023	Milano	37	24	43	45	28
56	11/05/2023	Milano	23	4	29	25	2
57	13/05/2023	Milano	17	43	27	3	44
58	16/05/2023	Milano	8	30	35	2	3
59	18/05/2023	Milano	9	12	39	20	27
60	20/05/2023	Milano	13	26	23	14	8
61	23/05/2023	Milano	24	44	12	34	18
62	25/05/2023	Milano	41	33	19	31	17
63	27/05/2023	Milano	18	25	13	4	5
64	30/05/2023	Milano	20	13	19	40	11
65	01/06/2023	Napoli	45	38	37	25	42
66	03/06/2023	Napoli	31	21	38	39	17
67	06/06/2023	Napoli	15	44	25	41	9
68	08/06/2023	Napoli	20	26	5	4	38
69	10/06/2023	Napoli	19	19	21	35	43
70	13/06/2023	Napoli	38	19	10	27	3
71	15/06/2023	Napoli	40	5	10	7	17
72	17/06/2023	Napoli	31	38	11	21	24
73	20/06/2023	Napoli	7	29	5	18	22
74	22/06/2023	Napoli	38	1	28	25	35
75	24/06/2023	Napoli	37	22	20	11	27
76	27/06/2023	Napoli	42	17	29	24	7
77	29/06/2023	Napoli	31	42	8	44	32
78	01/07/2023	Nazionale	5	17	30	43	41
79	04/07/2023	Nazionale	44	45	5	40	17
80	06/07/2023	Nazionale	33	43	7	13	38
81	07/07/2023	Nazionale	21	18	12	42	17
82	08/07/2023	Nazionale	35	1	17	26	12
83	11/07/2023	Nazionale	35	30	2	43	17
84	13/07/2023	Nazionale	20	28	31	9	34
85	14/07/2023	Nazionale	21	14	33	12	19
86	15/07/2023	Nazionale	40	25	32	9	5
87	18/07/2023	Nazionale	27	26	1	42	36
88	20/07/2023	Nazionale	27	40	20	42	7
89	21/07/2023	Nazionale	1	45	37	13	40
90	22/07/2023	Nazionale	5	8	25	21	30
91	25/07/2023	Nazionale	32	24	7	40	23
92	27/07/2023	Nazionale	26	38	27	12	13
93	28/07/2023	Nazionale	3	37	36	5	4
94	29/07/2023	Nazionale	32	13	44	38	36
95	01/08/2023	Nazionale	20	27	23	7	31
96	03/08/2023	Nazionale	30	32	41	21	6
97	04/08/2023	Nazionale	41	38	43	37	39
98	05/08/2023	Nazionale	4	15	37	36	18
99	08/08/2023	Nazionale	27	13	41	10	25
100	10/08/2023	Nazionale	8	25	40	45	3
101	11/08/2023	Nazionale	14	18	4	28	33
102	12/08/2023	Nazionale	11	40	12	6	41
103	16/08/2023	Nazionale	35	2	9	36	21
104	17/08/2023	Nazionale	30	18	9	41	35
105	18/08/2023	Nazionale	34	3	42	20	1
106	19/08/2023	Nazionale	2	10	13	31	12
107	22/08/2023	Nazionale	34	10	39	30	24
108	24/08/2023	Nazionale	15	34	29	8	33
109	25/08/2023	Nazionale	36	3	12	11	35
110	26/08/2023	Nazionale	34	25	8	20	43
111	29/08/2023	Nazionale	22	6	25	40	24
112	31/08/2023	Nazionale	23	10	18	24	8
113	01/09/2023	Palermo	32	33	7	2	42
114	02/09/2023	Palermo	9	37	26	19	42
115	05/09/2023	Palermo	7	40	3	22	6
116	07/09/2023	Palermo	18	39	6	38	26
117	08/09/2023	Palermo	16	4	24	43	2
118	09/09/2023	Palermo	1	5	13	22	8
119	12/09/2023	Palermo	43	22	25	21	39
120	14/09/2023	Palermo	9	8	13	44	23
121	15/09/2023	Palermo	32	7	29	18	4
122	16/09/2023	Palermo	3	12	26	36	9
123	19/09/2023	Palermo	30	2	40	20	32
124	21/09/2023	Palermo	21	3	1	37	35
125	22/09/2023	Palermo	9	37	37	17	31
126	23/09/2023	Palermo	32	30	8	40	45
127	26/09/2023	Palermo	42	4	21	17	37
128	28/09/2023	Palermo	18	14	17	9	30
129	29/09/2023	Palermo	19	21	29	13	25
130	30/09/2023	Palermo	14	37	32	25	39
131	03/10/2023	Roma	21	18	24	32	39
132	05/10/2023	Roma	26	33	18	40	8
133	06/10/2023	Roma	13	2	23	42	44
134	07/10/2023	Roma	12	9	19	8	29
135	10/10/2023	Roma	28	1	45	25	13
136	12/10/2023	Roma	8	39	4	43	5
137	13/10/2023	Roma	22	15	41	5	19
138	14/10/2023	Roma	13	7	19	2	35
139	17/10/2023	Roma	19	39	22	6	36
140	19/10/2023	Roma	33	22	18	1	7
141	20/10/2023	Roma	24	20	28	44	1
142	21/10/2023	Roma	15	14	41	36	17
143	24/10/2023	Roma	28	6	21	8	1
144	26/10/2023	Roma	4	28	29	34	20
145	27/10/2023	Roma	37	15	19	2	38
146	28/10/2023	Roma	45	41	16	35	27
147	31/10/2023	Roma	13	2	12	8	3
148	02/11/2023	Torino	1	18	13	21	16
149	03/11/2023	Torino	26	17	15	24	40
150	04/11/2023	Torino	44	31	35	20	15
151	07/11/2023	Torino	11	25	26	21	13
152	09/11/2023	Torino	45	29	37	31	36
153	10/11/2023	Torino	15	25	4	16	31
154	11/11/2023	Torino	33	19	6	42	21
155	14/11/2023	Torino	41	44	22	28	30
156	16/11/2023	Torino	33	34	9	35	21
157	17/11/2023	Torino	12	20	3	14	34
158	18/11/2023	Torino	42	20	36	40	22
159	21/11/2023	Torino	30	27	39	22	41
160	23/11/2023	Torino	38	16	12	35	19
161	24/11/2023	Torino	16	35	18	27	25
162	25/11/2023	Torino	25	38	17	13	30
163	28/11/2023	Torino	34	13	31	38	18
164	30/11/2023	Torino	9	2	15	11	8
165	01/12/2023	Venezia	36	33	18	35	42
166	02/12/2023	Venezia	19	26	11	33	22
167	05/12/2023	Venezia	41	1	2	45	26
168	07/12/2023	Venezia	9	26	20	5	40
169	09/12/2023	Venezia	24	56	80	17	46
170	11/12/2023	Venezia	9	37	6	35	5
171	12/12/2023	Venezia	15	31	12	9	41
172	14/12/2023	Venezia	10	11	19	7	38
173	15/12/2023	Venezia	17	34	40	41	30
174	16/12/2023	Venezia	30	4	25	14	11
175	19/12/2023	Venezia	31	20	9	37	8
176	21/12/2023	Venezia	6	8	39	20	42
177	22/12/2023	Venezia	13	17	39	36	10
178	23/12/2023	Venezia	14	38	20	22	43
179	27/12/2023	Venezia	35	8	22	25	39
180	28/12/2023	Venezia	45	2	23	36	35
181	29/12/2023	Venezia	41	29	11	8	10
182	30/12/2023	Venezia	43	31	33	1	35
1	02/01/2024	Bari	32	22	24	34	2
2	04/01/2024	Bari	30	38	8	11	5
3	05/01/2024	Bari	20	13	45	25	39
4	08/01/2024	Bari	32	41	10	30	12
5	09/01/2024	Bari	18	23	40	1	19
6	11/01/2024	Bari	41	34	25	23	3
7	12/01/2024	Bari	38	27	17	34	42
8	13/01/2024	Bari	30	42	8	17	7
9	16/01/2024	Bari	9	12	32	37	7
10	18/01/2024	Bari	28	7	15	5	33
11	19/01/2024	Bari	9	35	20	26	2
12	20/01/2024	Bari	16	31	26	20	25
13	23/01/2024	Bari	40	2	5	4	11
14	25/01/2024	Bari	29	28	24	38	16
15	26/01/2024	Bari	16	23	31	39	21
16	27/01/2024	Bari	5	33	8	22	13
17	30/01/2024	Bari	38	13	19	17	16
18	01/02/2024	Cagliari	29	37	34	45	16
19	02/02/2024	Cagliari	27	21	26	7	39
20	03/02/2024	Cagliari	24	14	12	18	44
21	06/02/2024	Cagliari	2	19	43	8	41
22	08/02/2024	Cagliari	33	6	37	29	11
23	09/02/2024	Cagliari	44	24	39	41	42
24	10/02/2024	Cagliari	33	31	34	7	19
25	13/02/2024	Cagliari	31	34	8	43	3
26	15/02/2024	Cagliari	37	13	40	33	1
27	16/02/2024	Cagliari	37	34	1	23	18
28	17/02/2024	Cagliari	23	38	11	16	31
29	20/02/2024	Cagliari	26	36	39	40	10
30	22/02/2024	Cagliari	43	30	37	32	31
31	23/02/2024	Cagliari	23	18	14	25	28
32	24/02/2024	Cagliari	34	7	6	37	26
33	27/02/2024	Cagliari	5	30	25	44	42
34	29/02/2024	Cagliari	23	41	27	2	26
35	01/03/2024	Firenze	13	42	22	7	25
36	02/03/2024	Firenze	32	4	10	14	16
37	05/03/2024	Firenze	40	32	2	15	5
38	07/03/2024	Firenze	1	38	42	34	41
39	08/03/2024	Firenze	35	7	3	33	29
40	09/03/2024	Firenze	33	43	22	14	8
41	12/03/2024	Firenze	5	8	18	42	43
42	14/03/2024	Firenze	33	13	29	23	5
43	15/03/2024	Firenze	6	37	29	33	13
44	16/03/2024	Firenze	18	31	43	30	45
45	19/03/2024	Firenze	35	6	3	25	4
46	21/03/2024	Firenze	6	33	44	23	35
47	22/03/2024	Firenze	36	13	28	41	44
48	23/03/2024	Firenze	43	15	11	7	45
49	26/03/2024	Firenze	44	9	31	22	16
50	28/03/2024	Firenze	6	35	16	18	5
51	29/03/2024	Firenze	36	23	17	10	6
52	30/03/2024	Firenze	37	21	13	27	45
53	02/04/2024	Genova	20	11	12	29	25
54	04/04/2024	Genova	25	12	8	31	36
55	05/04/2024	Genova	43	20	2	45	37
56	06/04/2024	Genova	16	26	19	9	44
57	09/04/2024	Genova	4	17	40	23	16
58	11/04/2024	Genova	35	36	6	34	44
59	12/04/2024	Genova	1	41	21	9	43
60	13/04/2024	Genova	33	25	27	15	10
61	16/04/2024	Genova	10	14	28	18	15
62	18/04/2024	Genova	28	21	43	25	17
63	19/04/2024	Genova	2	20	25	12	19
64	20/04/2024	Genova	27	31	15	32	4
65	23/04/2024	Genova	24	2	19	3	27
66	26/04/2024	Genova	33	3	16	35	32
67	27/04/2024	Genova	37	2	21	34	13
68	29/04/2024	Genova	43	6	20	12	29
69	30/04/2024	Genova	3	5	45	40	19
70	02/05/2024	Milano	22	9	4	1	11
71	03/05/2024	Milano	19	22	24	6	32
72	04/05/2024	Milano	30	1	5	32	11
73	07/05/2024	Milano	17	16	25	23	43
74	09/05/2024	Milano	40	18	20	15	37
75	10/05/2024	Milano	19	7	9	10	39
76	11/05/2024	Milano	43	23	31	10	1
77	14/05/2024	Milano	15	32	2	33	4
78	16/05/2024	Milano	29	44	14	7	42
79	17/05/2024	Milano	26	7	17	44	39
80	18/05/2024	Milano	41	29	1	27	30
81	21/05/2024	Milano	31	39	13	17	35
82	23/05/2024	Milano	40	7	13	19	10
83	24/05/2024	Milano	6	1	42	17	5
84	25/05/2024	Milano	2	1	16	39	20
85	28/05/2024	Milano	8	32	22	44	4
86	30/05/2024	Milano	28	21	39	13	7
87	31/05/2024	Milano	16	2	14	7	33
88	01/06/2024	Napoli	45	7	33	39	35
89	04/06/2024	Napoli	28	36	23	24	31
90	06/06/2024	Napoli	4	33	13	42	43
91	07/06/2024	Napoli	17	7	23	13	15
92	08/06/2024	Napoli	38	4	28	34	23
93	11/06/2024	Napoli	28	17	23	45	33
94	13/06/2024	Napoli	5	37	40	18	33
95	14/06/2024	Napoli	6	10	34	4	24
96	15/06/2024	Napoli	37	26	20	11	38
97	18/06/2024	Napoli	19	41	18	12	10
98	20/06/2024	Napoli	28	17	6	39	11
99	21/06/2024	Napoli	14	12	42	3	6
100	22/06/2024	Napoli	11	21	28	35	18
101	25/06/2024	Napoli	24	27	43	40	12
102	27/06/2024	Napoli	24	34	9	15	28
103	28/06/2024	Napoli	10	36	3	44	12
104	29/06/2024	Napoli	28	43	24	32	13
105	02/07/2024	Nazionale	1	13	35	19	30
106	04/07/2024	Nazionale	22	40	2	37	23
107	05/07/2024	Nazionale	28	24	17	25	13
108	06/07/2024	Nazionale	4	26	27	24	10
109	09/07/2024	Nazionale	8	25	37	24	21
110	11/07/2024	Nazionale	25	9	37	10	40
111	12/07/2024	Nazionale	19	34	23	3	24
112	13/07/2024	Nazionale	3	13	14	18	6
113	16/07/2024	Nazionale	11	27	18	20	22
114	18/07/2024	Nazionale	10	8	12	44	27
115	19/07/2024	Nazionale	33	30	16	3	36
116	20/07/2024	Nazionale	3	14	1	16	33
117	23/07/2024	Nazionale	45	34	1	5	4
118	25/07/2024	Nazionale	9	22	4	32	8
119	26/07/2024	Nazionale	7	11	38	45	39
120	27/07/2024	Nazionale	2	44	22	20	30
121	30/07/2024	Nazionale	19	8	39	5	44
122	01/08/2024	Nazionale	16	18	34	23	35
123	02/08/2024	Nazionale	27	5	4	28	12
124	03/08/2024	Nazionale	35	18	45	4	25
125	06/08/2024	Nazionale	13	5	12	28	25
126	08/08/2024	Nazionale	21	41	33	29	7
127	09/08/2024	Nazionale	35	45	36	1	32
128	10/08/2024	Nazionale	26	44	28	11	37
129	13/08/2024	Nazionale	22	27	31	33	37
130	16/08/2024	Nazionale	26	12	13	33	2
131	17/08/2024	Nazionale	20	10	38	44	35
132	19/08/2024	Nazionale	26	44	35	8	39
133	20/08/2024	Nazionale	8	43	7	36	3
134	22/08/2024	Nazionale	10	1	14	36	38
135	23/08/2024	Nazionale	26	20	6	40	33
136	24/08/2024	Nazionale	11	24	42	36	38
137	27/08/2024	Nazionale	29	40	42	10	21
138	29/08/2024	Nazionale	35	8	45	14	33
139	30/08/2024	Nazionale	32	11	31	9	44
140	31/08/2024	Nazionale	22	12	5	35	29
141	03/09/2024	Palermo	33	15	7	32	55
142	05/09/2024	Palermo	24	41	1	31	23
143	06/09/2024	Palermo	45	10	26	16	20
144	07/09/2024	Palermo	22	15	14	45	37
145	10/09/2024	Palermo	10	8	34	9	25
146	12/09/2024	Palermo	23	9	3	35	15
147	13/09/2024	Palermo	18	25	8	3	32
148	14/09/2024	Palermo	26	1	19	35	27
149	17/09/2024	Palermo	44	12	22	36	20
150	19/09/2024	Palermo	11	17	35	31	8
151	20/09/2024	Palermo	9	40	35	25	7
152	21/09/2024	Palermo	20	25	36	30	38
153	24/09/2024	Palermo	29	44	22	45	15
154	26/09/2024	Palermo	31	5	26	6	32
155	27/09/2024	Palermo	2	17	21	39	38
156	28/09/2024	Palermo	19	7	10	45	36
157	01/10/2024	Roma	13	12	17	19	34
158	03/10/2024	Roma	16	5	22	32	29
159	04/10/2024	Roma	32	39	14	27	29
160	05/10/2024	Roma	27	33	19	35	12
161	08/10/2024	Roma	5	42	7	13	30
162	10/10/2024	Roma	22	42	31	23	40
163	11/10/2024	Roma	26	37	41	2	13
164	12/10/2024	Roma	7	42	25	32	22
165	15/10/2024	Roma	11	20	40	36	8
166	17/10/2024	Roma	36	28	20	43	4
167	18/10/2024	Roma	32	6	27	31	26
168	19/10/2024	Roma	18	24	45	29	23
169	22/10/2024	Roma	30	21	13	7	37
170	24/10/2024	Roma	44	3	25	45	9
171	25/10/2024	Roma	17	4	32	7	44
172	26/10/2024	Roma	30	7	29	22	24
173	29/10/2024	Roma	45	17	24	1	27
174	31/10/2024	Roma	40	29	22	45	35
175	02/11/2024	Torino	30	19	36	43	22
176	04/11/2024	Torino	23	41	2	20	27
177	05/11/2024	Torino	42	13	26	27	33
178	07/11/2024	Torino	39	40	44	36	25
179	08/11/2024	Torino	1	11	8	44	17
180	09/11/2024	Torino	35	13	18	16	32
181	12/11/2024	Torino	23	43	12	8	11
182	14/11/2024	Torino	3	16	27	17	29
183	15/11/2024	Torino	36	28	31	14	15
184	16/11/2024	Torino	28	33	23	3	21
185	19/11/2024	Torino	6	30	14	25	29
186	21/11/2024	Torino	31	38	42	6	10
187	22/11/2024	Torino	44	12	32	6	13
188	23/11/2024	Torino	43	42	12	39	22
189	26/11/2024	Torino	30	7	39	14	19
190	28/11/2024	Torino	42	18	32	7	24
191	29/11/2024	Torino	2	1	33	36	9
192	30/11/2024	Torino	14	10	34	44	16
193	03/12/2024	Venezia	42	15	8	5	32
194	05/12/2024	Venezia	35	42	40	15	9
195	06/12/2024	Venezia	29	33	35	44	17
196	07/12/2024	Venezia	23	25	8	30	5
197	10/12/2024	Venezia	14	33	16	44	11
198	12/12/2024	Venezia	18	17	4	28	29
199	13/12/2024	Venezia	8	13	40	16	39
200	14/12/2024	Venezia	14	32	20	16	34
201	17/12/2024	Venezia	22	19	11	14	45
202	19/12/2024	Venezia	30	13	42	22	5
203	20/12/2024	Venezia	20	11	3	13	9
204	21/12/2024	Venezia	21	44	8	30	4
205	24/12/2024	Venezia	44	23	6	30	10
206	27/12/2024	Venezia	41	36	23	11	16
207	28/12/2024	Venezia	7	5	24	3	32
208	30/12/2024	Venezia	1	29	11	36	10
209	31/12/2024	Venezia	34	17	29	14	28
1	02/01/2025	Bari	38	23	45	21	30
2	03/01/2025	Bari	16	43	15	37	26
3	04/01/2025	Bari	42	33	18	36	32
4	07/01/2025	Bari	6	22	29	11	31
5	09/01/2025	Bari	45	3	38	41	15
6	10/01/2025	Bari	6	7	37	33	38
7	11/01/2025	Bari	35	34	12	23	20
8	14/01/2025	Bari	7	14	28	45	31
9	16/01/2025	Bari	21	43	1	2	19
10	17/01/2025	Bari	14	24	17	13	8
11	18/01/2025	Bari	3	13	31	23	35
12	21/01/2025	Bari	39	36	34	14	31
13	23/01/2025	Bari	36	27	19	8	24
14	24/01/2025	Bari	19	23	25	34	20
15	25/01/2025	Bari	16	41	8	11	43
16	28/01/2025	Bari	35	40	32	28	30
17	30/01/2025	Bari	38	22	35	26	14
18	31/01/2025	Bari	45	37	1	41	17
19	01/02/2025	Cagliari	16	18	44	24	12
20	04/02/2025	Cagliari	4	10	21	16	35
21	06/02/2025	Cagliari	37	39	11	36	33
22	07/02/2025	Cagliari	15	37	24	44	42
23	08/02/2025	Cagliari	3	7	43	19	41
24	11/02/2025	Cagliari	14	8	4	16	27
25	13/02/2025	Cagliari	20	1	38	24	17
26	14/02/2025	Cagliari	6	43	12	29	23
27	15/02/2025	Cagliari	24	15	40	5	28
28	18/02/2025	Cagliari	39	30	4	11	14
29	20/02/2025	Cagliari	44	15	12	31	33
30	21/02/2025	Cagliari	16	6	30	32	7
31	22/02/2025	Cagliari	30	37	22	8	35
32	25/02/2025	Cagliari	40	13	35	6	19
33	27/02/2025	Cagliari	20	2	10	7	22
34	28/02/2025	Cagliari	33	11	17	9	37
35	01/03/2025	Firenze	6	15	9	28	2
36	04/03/2025	Firenze	38	26	20	45	10
37	06/03/2025	Firenze	24	29	14	16	45
38	07/03/2025	Firenze	39	44	41	23	29
39	08/03/2025	Firenze	20	13	37	24	8
40	11/03/2025	Firenze	26	39	27	16	1
41	13/03/2025	Firenze	11	21	43	22	39
42	14/03/2025	Firenze	37	33	21	38	2
43	15/03/2025	Firenze	13	15	6	25	33
44	18/03/2025	Firenze	19	42	14	40	33
45	20/03/2025	Firenze	42	10	5	38	45
46	21/03/2025	Firenze	24	31	8	20	2
47	22/03/2025	Firenze	18	27	17	15	1
48	25/03/2025	Firenze	7	1	11	8	9
49	27/03/2025	Firenze	3	15	14	12	39
50	28/03/2025	Firenze	8	5	41	30	33
51	29/03/2025	Firenze	34	40	2	14	44
52	01/04/2025	Genova	45	13	32	14	37
53	03/04/2025	Genova	25	7	38	14	18
54	04/04/2025	Genova	28	22	15	36	9
55	05-04.25	Genova	26	14	36	31	44
56	08/04/2025	Genova	11	34	3	35	19
57	10/04/2025	Genova	23	41	35	32	1
58	11/04/2025	Genova	24	30	7	14	34
59	12/04/2025	Genova	39	20	2	13	26
60	15/04/2025	Genova	13	12	14	33	24
61	17/04/2025	Genova	29	38	43	3	28
62	18/04/2025	Genova	27	30	8	20	4
63	19/04/2025	Genova	26	31	39	30	18
64	22/04/2025	Genova	27	20	13	14	25
65	24/04/2025	Genova	21	40	27	35	16
66	26/04/2025	Genova	10	22	15	9	34
67	28/04/2025	Genova	10	13	20	18	34
68	29/04/2025	Genova	10	12	24	40	45
69	02/05/2025	Milano	4	5	11	20	41
70	03/05/2025	Milano	2	7	9	32	34
71	05/05/2025	Milano	34	15	22	12	39
72	06/05/2025	Milano	34	21	7	16	1
73	08/05/2025	Milano	28	2	4	27	29
74	09/05/2025	Milano	20	19	43	18	17
75	10/05/2025	Milano	43	28	34	3	20
76	13/05/2025	Milano	37	8	43	3	19
77	15/05/2025	Milano	24	41	35	26	1
78	16/05/2025	Milano	4	36	33	7	12
79	17/05/2025	Milano	21	4	16	32	26
80	20/05/2025	Milano	40	9	27	33	20
81	22/05/2025	Milano	25	39	28	36	1
82	23/05/2025	Milano	2	30	44	7	31
83	24/05/2025	Milano	45	30	11	28	6
84	27/05/2025	Milano	42	4	44	34	7
85	29/05/2025	Milano	45	26	36	8	22
86	30/05/2025	Milano	16	22	33	36	32
87	31/05/2025	Milano	41	25	12	8	22
88	03/06/2025	Napoli	12	22	38	33	41
89	05/06/2025	Napoli	7	25	6	28	13
90	06/06/2025	Napoli	25	33	17	11	40
91	07/06/2025	Napoli	43	8	1	35	15
92	10/06/2025	Napoli	31	25	11	6	16
93	12/06/2025	Napoli	23	3	4	17	2
94	13/06/2025	Napoli	8	36	22	42	45
95	14/06/2025	Napoli	6	18	7	23	13
96	17/06/2025	Napoli	30	33	28	44	11
97	19/06/2025	Napoli	43	35	11	26	40
98	20/06/2025	Napoli	15	35	27	25	14
99	21/06/2025	Napoli	2	40	6	26	29
100	24/06/2025	Napoli	11	9	37	27	19
101	26/06/2025	Napoli	19	12	25	36	1
102	27/06/2025	Napoli	24	43	1	23	39
103	28/06/2025	Napoli	25	1	41	45	38
104	01/07/2025	Nazionale	34	27	8	12	17
105	03/07/2025	Nazionale	34	3	11	7	32
106	04/07/2025	Nazionale	12	31	32	4	44
107	05/07/2025	Nazionale	2	32	40	16	19
108	08/07/2025	Nazionale	33	27	20	14	11
109	10/07/2025	Nazionale	29	13	42	17	7
110	11/07/2025	Nazionale	12	34	36	10	39
111	12/07/2025	Nazionale	2	26	1	8	17
112	15/07/2025	Nazionale	27	9	44	18	11
113	17/07/2025	Nazionale	39	26	40	23	24
114	18/07/2025	Nazionale	39	18	27	28	20
115	19/07/2025	Nazionale	16	32	21	19	3
116	22/07/2025	Nazionale	18	24	3	21	15
117	24/07/2025	Nazionale	32	7	29	37	28
118	25/07/2025	Nazionale	9	13	5	38	3
119	26/07/2025	Nazionale	25	23	13	40	35
120	29/07/2025	Nazionale	3	35	36	16	28
121	31/07/2025	Nazionale	21	19	1	17	43
122	01/08/2025	Nazionale	30	37	17	41	8
123	02/08/2025	Nazionale	41	7	11	17	22
124	05/08/2025	Nazionale	14	5	44	38	29
125	07/08/2025	Nazionale	9	2	28	34	15
126	08/08/2025	Nazionale	37	28	42	2	26
127	09/08/2025	Nazionale	16	8	45	17	32
128	12/08/2025	Nazionale	25	28	19	34	36
129	14/08/2025	Nazionale	30	35	8	43	17
130	16/08/2025	Nazionale	28	26	27	21	37
131	18/08/2025	Nazionale	11	42	6	1	41
132	19/08/2025	Nazionale	3	41	27	7	30
133	21/08/2025	Nazionale	20	24	28	33	1
134	22/08/2025	Nazionale	7	24	42	16	3
135	23/08/2025	Nazionale	41	44	4	7	21
136	26/08/2025	Nazionale	28	39	26	38	4
137	28/08/2025	Nazionale	44	34	8	39	40
138	29/08/2025	Nazionale	35	41	16	30	31
139	30/08/2025	Nazionale	24	15	10	3	7
140	02/09/2025	Palermo	13	19	29	1	33
141	04/09/2025	Palermo	17	10	1	28	5
142	05/09/2025	Palermo	39	2	26	8	11
143	06/09/2025	Palermo	39	34	2	8	43
144	09/09/2025	Palermo	42	33	44	16	36
145	11/09/2025	Palermo	18	30	17	6	21
146	12/09/2025	Palermo	21	11	22	28	4
147	13/09/2025	Palermo	8	42	27	30	20
148	16/09/2025	Palermo	21	19	27	36	18
149	18/09/2025	Palermo	7	18	33	28	19
150	19/09/2025	Palermo	13	17	42	9	28
151	20/09/2025	Palermo	24	20	2	1	23
152	23/09/2025	Palermo	11	17	44	5	43
153	25/09/2025	Palermo	28	17	32	21	15
154	26/09/2025	Palermo	28	35	19	27	13
155	27/09/2025	Palermo	3	4	24	45	29
156	30/09/2025	Palermo	41	40	45	13	10
157	02/10/2025	Roma	27	44	8	3	42
158	03/10/2025	Roma	35	4	42	10	31
159	04/10/2025	Roma	8	5	21	30	10
160	07/10/2025	Roma	18	37	7	22	9
161	09/10/2025	Roma	25	7	23	17	30
162	1010.25	Roma	36	37	35	21	31
163	11/10/2025	Roma	10	11	43	13	4
164	14/10/2025	Roma	26	2	15	45	40
165	16/10/2025	Roma	29	2	24	3	37
166	17/10/2025	Roma	42	38	16	25	34
167	18/10/2025	Roma	8	26	28	22	40
168	21/10/2025	Roma	18	24	21	32	33
169	23/10/2025	Roma	43	22	12	1	33
170	24/10/2025	Roma	11	37	5	27	28
171	25/10/2025	Roma	34	26	9	31	4
172	28/10/2025	Roma	44	34	11	25	16
173	30/10/2025	Roma	7	1	28	12	33
174	31/10/2025	Roma	9	15	20	32	42
175	03/11/2025	Torino	13	6	40	2	10
176	04/11/2025	Torino	11	7	25	17	13
177	06/11/2025	Torino	12	37	14	25	11
178	07/11/2025	Torino	27	21	30	20	7
179	08/11/2025	Torino	42	29	30	11	9
180	11/11/2025	Torino	13	23	44	8	25
181	13/11/2025	Torino	20	44	35	10	23
182	14/11/2025	Torino	8	17	45	1	38
183	15/11/2025	Torino	35	5	10	13	26
184	18/11/2025	Torino	24	44	23	21	2
185	20/11/2025	Torino	12	11	33	24	29
186	21/11/2025	Torino	35	22	4	43	14
187	22/11/2025	Torino	26	34	10	42	33
188	25/11/2025	Torino	38	33	41	2	40
189	27/11/2025	Torino	11	43	35	33	19
190	28/11/2025	Torino	43	37	39	17	35
191	29/11/2025	Torino	4	9	3	21	15
192	02/12/2025	Venezia	10	1	23	24	31
193	04/12/2025	Venezia	26	25	39	29	34
194	05/12/2025	Venezia	44	31	9	17	12
195	06/12/2025	Venezia	21	13	26	33	29
196	09/12/2025	Venezia	26	35	9	10	25
197	11/12/2025	Venezia	12	10	18	16	20
198	12/12/2025	Venezia	24	21	18	5	16
199	13/12/2025	Venezia	5	13	40	35	10
200	16/12/2025	Venezia	28	37	27	40	10
201	18/12/2025	Venezia	38	12	34	27	24
202	19/12/2025	Venezia	30	10	43	28	21
203	20/12/2025	Venezia	11	4	17	31	30
204	23/12/2025	Venezia	44	30	27	40	12
205	24/12/2025	Venezia	41	15	45	32	10
206	27/12/2025	Venezia	10	36	41	3	17
207	29/12/2025	Venezia	20	29	33	15	1
208	30/12/2025	Venezia	35	40	24	31	6
1	02/01/2026	Bari	42	36	18	34	40
2	03/01/2026	Bari	38	28	36	8	18
3	05/01/2026	Bari	29	9	35	2	39
4	07/01/2026	Bari	6	24	45	8	40
5	08/01/2026	Bari	30	14	39	22	43
6	09/01/2026	Bari	9	11	12	20	8
7	10/01/2026	Bari	12	29	24	1	26
8	13/01/2026	Bari	26	43	3	22	42
9	15/01/2026	Bari	40	28	35	16	9
10	16/01/2026	Bari	35	3	19	27	36
11	17/01/2026	Bari	37	18	36	22	13
12	20/01/2026	Bari	41	22	5	13	1
13	22/01/2026	Bari	6	60	67	43	33
14	23/01/2026	Bari	28	23	38	10	18
15	24/01/2026	Bari	9	18	15	38	39
16	27/01/2026	Bari	41	36	42	12	29
17	29/01/2026	Bari	24	42	10	37	25
18	30/01/2026	Bari	9	35	13	32	33
19	31/01/2026	Bari	42	9	38	24	34
20	03/02/2026	Cagliari	5	12	13	20	38
21	05/02/2026	Cagliari	42	44	32	31	6
22	06/02/2026	Cagliari	1	21	5	44	25
23	07/02/2026	Cagliari	39	29	26	20	25
24	10/02/2026	Cagliari	22	24	6	29	11
25	12/02/2026	Cagliari	40	14	26	4	19
26	13/02/2026	Cagliari	21	42	40	9	31
27	14/02/2026	Cagliari	37	39	41	44	13
28	17/02/2026	Cagliari	1	41	21	44	28
29	19/02/2026	Cagliari	19	5	27	40	37
30	20/02/2026	Cagliari	6	35	21	26	34
31	21/02/2026	Cagliari	42	15	21	19	13
32	24/02/2026	Cagliari	25	34	31	3	13
33	26/02/2026	Cagliari	38	31	22	29	39
34	27/02/2026	Cagliari	39	10	44	35	12
35	28/02/2026	Cagliari	44	42	4	41	20
0	18/03/2026	FI	20	27	29	15	40
0	19/03/2026	FI	38	11	27	10	26
0	20/03/2026	FI	6	38	14	12	2
0	23/03/2026	FI	7	8	19	35	4
0	25/03/2026	FI	27	22	31	16	13
0	26/03/2026	FI	31	38	24	39	15
0	27/03/2026	FI	2	38	33	11	39
0	30/03/2026	FI	6	16	22	20	27
0	01/04/2026	GE	44	16	32	6	34
0	02/04/2026	GE	22	17	41	28	18
0	03/04/2026	GE	34	36	17	40	32
0	06/04/2026	GE	7	37	43	24	27
0	08/04/2026	GE	39	12	45	14	13
0	09/04/2026	GE	19	4	24	28	21
0	10/04/2026	GE	37	28	34	7	19
0	13/04/2026	GE	28	7	14	16	35
