Archivio estrazioni SiVinceTutto SuperEnalotto anno 2011 aggiornato al 30/12/2011
Concorso	Data	N.1	N.2	N.3	N.4	N.5	N.6
207	30/12/2011	5	11	43	48	62	69
206	30/11/2011	4	23	39	41	78	81
205	28/10/2011	49	57	66	68	74	86
204	30/09/2011	14	24	48	77	79	85
203	31/08/2011	5	10	24	80	81	89
202	27/07/2011	8	50	54	62	80	84
201	08/06/2011	8	11	26	32	44	77
200	27/04/2011	1	7	19	32	41	71
Archivio estrazioni SiVinceTutto SuperEnalotto anno 2012 aggiornato al 31/12/2012
211	31/12/2012	14	19	35	47	50	83
210	28/11/2012	1	24	40	44	52	78
209	31/10/2012	7	9	38	47	48	76
208	26/09/2012	2	7	21	47	73	83
207	29/08/2012	6	35	55	70	72	82
206	25/07/2012	16	22	47	48	53	78
205	27/06/2012	5	11	12	35	47	85
204	30/05/2012	19	34	48	61	66	87
203	30/04/2012	5	13	14	25	56	75
202	28/03/2012	19	54	57	72	86	90
201	29/02/2012	7	20	30	39	67	68
200	25/01/2012	2	7	38	70	77	88
Archivio estrazioni SiVinceTutto SuperEnalotto anno 2013 aggiornato al 30/12/2013
211	30/12/2013	24	34	45	51	71	75
210	27/11/2013	7	11	21	30	51	77
209	30/10/2013	20	30	35	72	79	82
208	25/09/2013	14	15	22	53	60	67
207	28/08/2013	20	30	52	63	69	80
206	31/07/2013	50	54	61	67	83	86
205	26/06/2013	3	9	35	39	44	89
204	29/05/2013	29	54	61	69	72	85
203	24/04/2013	22	43	52	56	63	81
202	27/03/2013	14	24	43	49	57	72
201	27/02/2013	13	27	67	80	81	82
200	30/01/2013	12	13	47	53	71	89
Archivio estrazioni SiVinceTutto SuperEnalotto anno 2014 aggiornato al 31/12/2014
211	31/12/2014	14	32	51	53	74	77
210	26/11/2014	10	18	24	35	47	50
209	29/10/2014	10	13	51	54	57	85
208	24/09/2014	25	30	50	51	81	86
207	27/08/2014	2	11	42	64	82	90
206	30/07/2014	11	17	38	42	63	80
205	25/06/2014	10	23	38	46	64	67
204	28/05/2014	11	15	54	55	65	68
203	30/04/2014	4	30	31	61	67	73
202	26/03/2014	4	9	11	19	31	86
201	26/02/2014	31	45	47	63	66	71
200	29/01/2014	9	44	65	68	74	78
Archivio estrazioni SiVinceTutto SuperEnalotto anno 2015 aggiornato al 30/12/2015
211	30/12/2015	4	9	12	15	43	53
210	25/11/2015	1	22	43	48	55	70
209	28/10/2015	7	11	14	33	47	80
208	30/09/2015	4	11	15	41	67	72
207	26/08/2015	11	37	45	51	56	90
206	29/07/2015	18	22	38	47	73	85
205	24/06/2015	3	15	16	45	49	84
204	27/05/2015	30	35	45	50	54	70
203	29/04/2015	9	11	35	38	63	65
202	25/03/2015	4	6	14	28	32	63
201	25/02/2015	1	9	31	33	80	84
200	28/01/2015	3	21	24	40	47	80
Archivio estrazioni SiVinceTutto SuperEnalotto anno 2016 aggiornato al 28/12/2016
221	28/12/2016	1	9	15	31	46	68
220	21/12/2016	20	23	30	42	67	86
219	14/12/2016	22	27	32	48	49	67
218	07/12/2016	6	9	15	28	58	81
217	30/11/2016	3	15	69	76	84	88
216	23/11/2016	26	29	37	43	62	70
215	16/11/2016	39	58	59	64	68	82
214	09/11/2016	32	41	43	45	60	69
213	02/11/2016	13	60	67	74	81	86
212	26/10/2016	11	15	19	37	55	77
211	19/10/2016	23	34	51	52	62	87
210	12/10/2016	28	29	43	69	79	85
209	05/10/2016	4	23	26	56	66	85
208	28/09/2016	19	25	31	46	56	68
207	31/08/2016	10	16	40	49	60	78
206	27/07/2016	26	40	55	59	64	82
205	29/06/2016	14	24	27	36	43	88
204	25/05/2016	37	38	51	55	66	86
203	27/04/2016	3	11	21	72	89	90
202	30/03/2016	29	35	51	68	79	86
201	24/02/2016	18	20	42	49	50	65
200	27/01/2016	33	39	43	45	58	60
Archivio estrazioni SiVinceTutto SuperEnalotto anno 2017 aggiornato al 27/12/2017
251	27/12/2017	13	22	36	43	63	79
250	20/12/2017	12	31	40	48	51	53
249	13/12/2017	5	16	37	59	79	82
248	06/12/2017	7	8	51	55	59	84
247	29/11/2017	46	61	63	64	68	71
246	22/11/2017	11	23	35	65	74	89
245	15/11/2017	51	57	65	68	72	87
244	08/11/2017	5	21	30	55	87	89
243	30/10/2017	3	8	45	57	59	86
242	25/10/2017	8	24	27	41	62	64
241	18/10/2017	11	15	34	42	49	60
240	11/10/2017	16	50	54	60	63	87
239	04/10/2017	12	21	38	43	55	80
238	27/09/2017	17	33	41	49	73	79
237	20/09/2017	15	17	23	65	70	82
236	13/09/2017	27	45	65	68	79	84
235	06/09/2017	21	54	57	61	62	73
234	30/08/2017	3	9	15	32	36	68
233	23/08/2017	28	43	44	46	64	87
232	16/08/2017	10	40	47	59	86	88
231	09/08/2017	12	14	73	78	79	80
230	02/08/2017	6	18	48	52	59	78
229	26/07/2017	10	26	59	75	81	89
228	19/07/2017	16	30	36	47	63	85
227	12/07/2017	7	10	24	53	56	62
226	05/07/2017	12	26	38	39	73	83
225	28/06/2017	8	9	30	85	86	90
224	21/06/2017	4	16	22	49	54	75
223	14/06/2017	11	34	38	77	80	87
222	07/06/2017	13	29	48	72	75	83
221	31/05/2017	1	37	63	72	86	90
220	24/05/2017	28	50	57	65	79	82
219	17/05/2017	16	54	59	62	75	77
218	10/05/2017	4	25	27	37	38	77
217	03/05/2017	1	6	13	33	52	68
216	26/04/2017	51	52	56	71	72	86
215	19/04/2017	45	51	63	66	74	89
214	12/04/2017	20	27	47	67	68	86
213	05/04/2017	6	18	40	57	76	90
212	29/03/2017	11	20	25	36	52	67
211	22/03/2017	5	9	11	47	74	83
210	15/03/2017	11	31	43	70	86	88
209	08/03/2017	37	47	59	71	73	75
208	01/03/2017	1	16	19	45	84	87
207	22/02/2017	23	27	38	59	62	70
206	15/02/2017	18	64	65	67	75	83
205	08/02/2017	26	37	45	69	71	81
204	01/02/2017	7	16	25	34	68	80
203	25/01/2017	1	21	27	55	69	70
202	18/01/2017	2	18	39	59	62	63
201	11/01/2017	23	26	46	49	61	72
200	04/01/2017	1	7	8	9	28	35
Archivio estrazioni SiVinceTutto SuperEnalotto anno 2018 aggiornato al 31/12/2018
251	31/12/2018	1	4	8	29	61	82
250	19/12/2018	2	34	57	63	76	84
249	12/12/2018	12	14	51	57	62	84
248	05/12/2018	2	44	61	65	73	85
247	28/11/2018	2	19	28	42	59	66
246	21/11/2018	5	25	26	45	64	86
245	14/11/2018	4	11	19	25	69	78
244	07/11/2018	6	24	27	45	66	72
243	31/10/2018	14	15	22	32	59	77
242	24/10/2018	3	16	24	35	43	67
241	17/10/2018	8	25	32	61	69	87
240	10/10/2018	7	13	45	68	77	85
239	03/10/2018	2	14	37	45	67	85
238	26/09/2018	7	11	25	35	57	63
237	19/09/2018	19	36	47	52	57	81
236	12/09/2018	1	3	13	59	74	81
235	05/09/2018	1	20	26	35	47	83
234	29/08/2018	10	24	25	49	51	67
233	22/08/2018	5	9	26	35	43	58
232	13/08/2018	8	13	21	34	52	64
231	08/08/2018	11	21	34	66	67	69
230	01/08/2018	5	6	20	44	60	79
229	25/07/2018	2	8	12	16	23	32
228	18/07/2018	16	22	64	79	82	88
227	11/07/2018	17	32	58	76	83	86
226	04/07/2018	19	30	35	42	84	88
225	27/06/2018	3	41	51	61	84	85
224	20/06/2018	27	49	55	79	84	87
223	13/06/2018	23	31	34	63	68	85
222	06/06/2018	8	44	57	61	82	89
221	30/05/2018	5	8	22	44	62	79
220	23/05/2018	19	21	25	27	33	34
219	16/05/2018	40	46	61	76	79	83
218	09/05/2018	42	48	50	62	74	83
217	02/05/2018	14	20	30	40	68	84
216	23/04/2018	5	18	27	36	53	72
215	18/04/2018	2	24	64	74	85	89
214	11/04/2018	2	12	27	36	40	83
213	04/04/2018	50	51	55	67	69	73
212	28/03/2018	19	29	37	54	86	90
211	21/03/2018	10	40	45	55	61	87
210	14/03/2018	27	33	41	45	46	57
209	07/03/2018	17	29	44	69	74	81
208	28/02/2018	27	45	51	79	85	90
207	21/02/2018	30	44	46	49	57	82
206	14/02/2018	7	22	25	26	64	87
205	07/02/2018	11	23	33	40	64	69
204	31/01/2018	3	29	41	55	61	66
203	24/01/2018	7	8	26	64	66	73
202	17/01/2018	55	56	57	61	62	66
201	10/01/2018	21	26	39	44	48	65
200	03/01/2018	17	29	32	57	66	84
Archivio estrazioni SiVinceTutto SuperEnalotto anno 2019 aggiornato al 30/12/2019
252	30/12/2019	32	52	53	55	62	89
251	18/12/2019	20	58	62	65	84	85
250	11/12/2019	4	41	48	51	79	90
249	04/12/2019	16	45	49	61	89	90
248	27/11/2019	14	18	38	77	82	89
247	20/11/2019	17	24	46	68	71	77
246	13/11/2019	1	12	26	38	75	80
245	06/11/2019	1	8	20	27	36	65
244	30/10/2019	9	22	32	33	46	48
243	23/10/2019	29	32	39	43	63	83
242	16/10/2019	3	11	16	44	74	77
241	09/10/2019	3	4	5	26	34	42
240	02/10/2019	8	13	20	28	73	81
239	25/09/2019	1	4	23	26	45	78
238	18/09/2019	17	21	29	36	43	83
237	11/09/2019	30	41	54	73	78	89
236	04/09/2019	9	26	49	62	63	85
235	28/08/2019	12	17	23	34	59	64
234	21/08/2019	39	40	51	53	54	82
233	14/08/2019	4	32	34	40	81	90
232	07/08/2019	9	13	18	40	74	75
231	31/07/2019	1	8	29	56	69	73
230	24/07/2019	38	51	55	56	68	79
229	17/07/2019	4	17	39	45	64	73
228	10/07/2019	9	20	42	45	69	85
227	03/07/2019	23	32	52	57	59	90
226	26/06/2019	6	14	25	28	67	80
225	19/06/2019	2	25	42	45	70	80
224	12/06/2019	18	21	25	32	56	57
223	05/06/2019	19	24	44	59	64	88
222	29/05/2019	11	13	14	26	49	53
221	22/05/2019	47	59	60	62	68	73
220	15/05/2019	1	2	16	42	74	85
219	08/05/2019	6	20	27	73	77	78
218	06/05/2019	10	18	37	50	72	87
217	24/04/2019	13	20	66	76	79	83
216	17/04/2019	27	37	45	53	84	85
215	10/04/2019	20	28	41	83	84	85
214	03/04/2019	25	42	45	55	69	83
213	27/03/2019	28	51	62	68	73	80
212	20/03/2019	27	30	68	69	74	83
211	13/03/2019	11	15	30	48	57	64
210	06/03/2019	12	23	51	56	77	87
209	27/02/2019	3	10	39	44	49	60
208	20/02/2019	30	35	37	63	77	84
207	13/02/2019	21	22	25	46	50	81
206	06/02/2019	5	14	18	34	53	66
205	30/01/2019	2	22	29	49	52	72
204	23/01/2019	27	60	65	70	86	90
203	16/01/2019	14	20	23	38	56	57
202	09/01/2019	13	35	36	38	40	54
201	02/01/2019	25	32	34	41	56	64
Archivio estrazioni SiVinceTutto SuperEnalotto anno 2020 aggiornato al 30/12/2020
247	30/12/2020	15	24	50	60	62	64
246	23/12/2020	2	10	12	48	76	84
245	16/12/2020	1	63	74	79	86	87
244	09/12/2020	3	16	19	26	81	85
243	02/12/2020	28	45	47	48	58	81
242	25/11/2020	3	19	42	51	63	65
241	18/11/2020	13	23	36	40	47	90
240	11/11/2020	4	8	45	49	65	70
239	04/11/2020	3	13	29	36	42	45
238	28/10/2020	6	22	52	58	88	89
237	21/10/2020	43	66	76	77	82	85
236	14/10/2020	4	34	52	57	81	90
235	07/10/2020	7	37	44	63	81	84
234	30/09/2020	3	9	11	18	24	81
233	23/09/2020	2	10	16	17	80	86
232	16/09/2020	5	26	30	31	41	49
231	09/09/2020	43	56	57	64	68	87
230	02/09/2020	3	32	44	54	61	67
229	26/08/2020	4	16	30	36	72	79
228	19/08/2020	16	53	55	60	74	79
227	12/08/2020	3	40	48	65	76	88
226	05/08/2020	6	12	21	31	35	47
225	29/07/2020	5	8	14	48	79	89
224	22/07/2020	15	26	38	48	50	76
223	15/07/2020	1	11	19	36	55	72
222	08/07/2020	23	24	27	33	44	74
221	01/07/2020	7	30	51	53	71	72
220	24/06/2020	11	19	34	48	73	87
219	17/06/2020	25	35	47	53	66	87
218	10/06/2020	9	26	27	56	67	85
217	03/06/2020	7	22	43	51	60	69
216	27/05/2020	14	17	36	49	57	74
215	20/05/2020	1	6	25	34	61	87
214	13/05/2020	28	32	39	53	55	89
213	06/05/2020	22	54	69	70	73	77
212	18/03/2020	10	15	35	46	70	78
211	11/03/2020	13	19	41	67	86	87
210	04/03/2020	6	10	14	18	24	27
209	26/02/2020	1	4	8	32	55	84
208	19/02/2020	19	33	55	57	60	72
207	12/02/2020	7	27	48	51	53	89
206	05/02/2020	25	39	50	53	61	78
205	29/01/2020	11	35	40	55	58	66
204	22/01/2020	14	18	39	61	84	88
203	15/01/2020	10	33	36	44	75	79
202	13/01/2020	52	55	72	78	81	82
201	08/01/2020	2	44	55	68	71	88
Archivio estrazioni SiVinceTutto SuperEnalotto anno 2021 aggiornato al 29/12/2021
252	29/12/2021	15	28	40	57	70	75
251	22/12/2021	3	9	63	66	72	79
250	15/12/2021	25	30	40	42	56	66
249	06/12/2021	2	45	50	51	68	87
248	01/12/2021	3	30	50	71	86	88
247	24/11/2021	14	18	20	64	71	89
246	17/11/2021	8	12	13	58	64	81
245	10/11/2021	13	39	53	60	65	77
244	03/11/2021	2	15	62	69	83	88
243	27/10/2021	17	22	46	49	61	87
242	20/10/2021	8	28	57	60	68	88
241	13/10/2021	15	19	27	36	82	90
240	06/10/2021	15	26	31	70	77	84
239	29/09/2021	2	22	30	71	75	85
238	22/09/2021	3	5	46	68	74	82
237	15/09/2021	6	11	45	47	81	82
236	08/09/2021	10	25	36	44	68	90
235	01/09/2021	1	12	29	30	38	90
234	25/08/2021	20	25	36	51	64	81
233	18/08/2021	1	10	17	38	51	69
232	11/08/2021	17	37	57	71	88	90
231	04/08/2021	15	26	51	59	65	85
230	28/07/2021	7	25	36	52	67	83
229	21/07/2021	23	34	35	43	47	53
228	14/07/2021	7	20	40	41	73	76
227	07/07/2021	11	12	18	22	29	58
226	30/06/2021	2	34	50	55	60	85
225	23/06/2021	2	21	38	65	71	85
224	16/06/2021	32	38	50	61	84	87
223	09/06/2021	6	7	19	20	23	24
222	07/06/2021	9	24	27	34	58	73
221	26/05/2021	14	24	45	64	70	82
220	19/05/2021	18	21	40	67	77	81
219	12/05/2021	16	26	48	63	74	82
218	05/05/2021	4	10	28	40	42	71
217	28/04/2021	1	33	49	53	69	74
216	21/04/2021	7	16	45	49	70	83
215	14/04/2021	17	20	62	77	78	81
214	07/04/2021	9	18	40	42	53	74
213	31/03/2021	18	20	39	57	64	74
212	24/03/2021	2	10	30	38	63	69
211	17/03/2021	1	11	15	45	71	86
210	10/03/2021	13	32	41	43	52	62
209	03/03/2021	9	32	46	71	73	76
208	24/02/2021	4	10	50	79	80	87
207	17/02/2021	6	8	11	20	26	55
206	10/02/2021	25	33	35	38	61	70
205	03/02/2021	27	49	59	65	66	85
204	27/01/2021	5	22	25	36	58	81
203	20/01/2021	3	9	15	16	33	78
202	13/01/2021	10	44	50	76	88	89
201	04/01/2021	2	5	7	31	78	86
Archivio estrazioni SiVinceTutto SuperEnalotto anno 2022 aggiornato al 28/12/2022
252	28/12/2022	4	5	6	29	53	74
251	21/12/2022	6	35	43	59	69	78
250	14/12/2022	4	49	55	65	72	85
249	07/12/2022	27	39	44	69	71	75
248	30/11/2022	11	21	30	36	46	58
247	23/11/2022	3	16	43	66	75	76
246	16/11/2022	44	48	53	59	60	65
245	09/11/2022	19	26	46	62	84	85
244	02/11/2022	1	3	22	23	66	76
243	26/10/2022	2	6	36	37	50	56
242	19/10/2022	5	13	30	37	38	39
241	12/10/2022	15	26	40	41	62	68
240	05/10/2022	34	48	62	66	67	90
239	28/09/2022	1	7	18	33	70	74
238	21/09/2022	7	18	20	45	61	76
237	14/09/2022	16	29	53	60	70	80
236	07/09/2022	20	26	48	51	69	88
235	31/08/2022	10	21	41	45	47	51
234	24/08/2022	27	38	55	61	70	90
233	17/08/2022	9	46	54	75	86	88
232	10/08/2022	13	15	36	55	60	62
231	03/08/2022	21	39	43	44	50	60
230	27/07/2022	1	7	13	24	33	78
229	20/07/2022	19	22	25	33	47	62
228	13/07/2022	1	20	44	54	71	83
227	06/07/2022	2	20	34	61	67	79
226	29/06/2022	29	44	50	63	75	77
225	22/06/2022	33	44	52	63	80	86
224	15/06/2022	10	20	29	32	48	58
223	08/06/2022	20	33	38	67	87	88
222	01/06/2022	2	14	32	51	83	86
221	25/05/2022	9	16	37	79	81	83
220	18/05/2022	5	18	46	47	72	82
219	11/05/2022	3	4	14	38	81	86
218	04/05/2022	14	18	19	51	54	57
217	27/04/2022	3	17	57	64	66	83
216	20/04/2022	18	28	31	36	61	73
215	13/04/2022	2	9	18	50	57	76
214	06/04/2022	11	44	51	52	63	78
213	30/03/2022	59	62	65	70	85	90
212	23/03/2022	14	20	22	25	37	68
211	16/03/2022	16	17	18	29	42	53
210	09/03/2022	15	21	23	53	56	68
209	02/03/2022	7	41	46	62	78	89
208	23/02/2022	7	28	34	37	56	61
207	16/02/2022	29	33	43	55	64	73
206	09/02/2022	6	16	30	48	52	83
205	02/02/2022	47	59	64	65	81	89
204	26/01/2022	3	26	52	55	65	67
203	19/01/2022	1	4	9	37	61	80
202	12/01/2022	29	44	47	61	62	87
201	05/01/2022	7	27	38	59	72	73
Archivio estrazioni SiVinceTutto SuperEnalotto anno 2023 aggiornato al 27/12/2023
252	27/12/2023	2	41	48	71	72	88
251	20/12/2023	16	41	58	69	82	87
250	13/12/2023	17	18	47	49	73	90
249	06/12/2023	19	27	29	52	75	84
248	29/11/2023	5	20	21	28	49	55
247	22/11/2023	36	56	61	63	76	79
246	15/11/2023	1	20	23	65	74	86
245	08/11/2023	12	13	23	31	32	65
244	30/10/2023	10	27	33	66	68	85
243	25/10/2023	3	17	20	22	23	66
242	18/10/2023	15	19	30	44	45	78
241	11/10/2023	23	34	37	41	48	84
240	04/10/2023	7	43	47	69	86	89
239	27/09/2023	3	4	6	31	54	78
238	20/09/2023	7	62	69	72	80	90
237	13/09/2023	3	5	25	37	59	74
236	06/09/2023	5	15	43	49	67	70
235	30/08/2023	13	36	40	52	63	71
234	23/08/2023	11	13	45	52	72	86
233	16/08/2023	3	6	25	53	58	83
232	09/08/2023	5	33	67	68	71	73
231	02/08/2023	46	51	55	63	80	86
230	26/07/2023	26	58	62	69	71	90
229	19/07/2023	26	30	41	50	60	84
228	12/07/2023	22	45	47	54	70	84
227	05/07/2023	2	7	39	63	70	75
226	28/06/2023	28	49	57	61	70	76
225	21/06/2023	5	6	23	32	66	84
224	14/06/2023	33	41	51	56	82	89
223	07/06/2023	21	38	43	59	60	79
222	31/05/2023	1	21	29	31	33	72
221	24/05/2023	25	48	55	82	84	85
220	17/05/2023	20	52	74	76	81	85
219	10/05/2023	30	38	40	45	55	86
218	03/05/2023	3	7	25	34	60	89
217	26/04/2023	3	6	15	62	64	75
216	19/04/2023	5	14	34	66	68	71
215	12/04/2023	20	21	66	67	74	80
214	05/04/2023	5	36	37	43	62	67
213	29/03/2023	7	12	20	64	68	69
212	22/03/2023	7	9	17	25	68	89
211	15/03/2023	6	36	37	40	51	86
210	08/03/2023	11	24	37	54	64	83
209	01/03/2023	21	29	35	53	69	79
208	22/02/2023	5	48	70	82	84	90
207	15/02/2023	6	15	32	73	78	88
206	08/02/2023	10	17	35	67	73	79
205	01/02/2023	1	18	31	43	77	83
204	25/01/2023	9	25	26	32	48	88
203	18/01/2023	12	31	34	47	74	75
202	11/01/2023	7	20	46	57	81	82
201	04/01/2023	16	25	43	54	62	75
Archivio estrazioni SiVinceTutto SuperEnalotto anno 2024 aggiornato al 23/12/2024
252	23/12/2024	4	45	56	61	66	69
251	18/12/2024	6	7	14	17	21	59
250	11/12/2024	10	14	16	23	50	84
249	04/12/2024	8	16	41	57	71	85
248	27/11/2024	13	16	18	40	43	68
247	20/11/2024	9	23	24	46	52	53
246	13/11/2024	8	30	31	49	59	69
245	06/11/2024	11	16	18	22	42	54
244	30/10/2024	9	48	70	85	86	89
243	23/10/2024	9	20	39	54	58	62
242	16/10/2024	33	54	65	69	74	82
241	09/10/2024	1	11	27	40	45	82
240	02/10/2024	23	40	41	44	47	73
239	25/09/2024	27	28	30	43	62	85
238	18/09/2024	27	44	56	83	84	85
237	11/09/2024	10	27	41	56	63	69
236	04/09/2024	41	49	60	69	76	88
235	28/08/2024	38	43	46	50	56	65
234	21/08/2024	12	15	19	46	64	82
233	14/08/2024	4	15	33	59	71	85
232	07/08/2024	14	19	31	46	76	88
231	31/07/2024	9	46	50	58	63	90
230	24/07/2024	14	21	22	54	55	60
229	17/07/2024	9	27	40	50	56	77
228	10/07/2024	9	19	33	44	83	88
227	03/07/2024	6	26	27	32	53	58
226	26/06/2024	9	36	69	73	88	90
225	19/06/2024	16	30	62	65	68	83
224	12/06/2024	5	13	27	28	44	64
223	05/06/2024	20	36	37	42	50	78
222	29/05/2024	6	10	54	61	73	90
221	22/05/2024	4	8	9	42	73	77
220	15/05/2024	3	29	35	52	86	87
219	08/05/2024	8	31	52	58	63	83
218	06/05/2024	7	10	13	23	82	88
217	24/04/2024	34	55	59	71	84	89
216	17/04/2024	21	24	35	40	42	76
215	10/04/2024	1	18	21	36	46	86
214	03/04/2024	4	27	28	41	66	75
213	27/03/2024	2	6	10	47	49	82
212	20/03/2024	8	12	15	39	46	57
211	13/03/2024	34	58	68	74	75	77
210	06/03/2024	1	37	53	67	71	79
209	28/02/2024	11	23	28	31	58	75
208	21/02/2024	17	22	25	63	64	90
207	14/02/2024	6	21	47	53	70	89
206	07/02/2024	28	38	70	78	82	86
205	31/01/2024	28	32	34	56	62	75
204	24/01/2024	18	19	33	44	68	83
203	17/01/2024	31	42	55	67	71	76
202	10/01/2024	1	5	14	57	83	90
201	03/01/2024	10	31	48	68	71	82
Archivio estrazioni SiVinceTutto SuperEnalotto anno 2025 aggiornato al 31/12/2025
253	31/12/2025	36	64	65	67	73	81
252	24/12/2025	18	19	20	34	46	54
251	17/12/2025	20	28	43	45	63	86
250	10/12/2025	4	31	43	46	58	70
249	03/12/2025	3	9	27	53	62	77
248	26/11/2025	11	12	33	43	51	62
247	19/11/2025	42	70	71	79	83	86
246	12/11/2025	14	33	41	56	77	84
245	05/11/2025	15	28	42	55	57	89
244	29/10/2025	1	39	48	52	75	82
243	22/10/2025	28	30	37	51	72	78
242	15/10/2025	9	10	43	46	69	84
241	08/10/2025	41	42	50	53	62	69
240	01/10/2025	10	33	45	62	67	88
239	24/09/2025	23	52	55	56	80	85
238	17/09/2025	19	23	24	58	61	86
237	10/09/2025	2	4	40	45	55	88
236	03/09/2025	30	68	74	85	87	88
235	27/08/2025	16	19	22	34	69	77
234	20/08/2025	3	9	22	35	64	68
233	13/08/2025	42	52	70	72	77	79
232	06/08/2025	3	13	16	61	69	81
231	30/07/2025	5	19	35	54	69	83
230	23/07/2025	8	9	19	29	69	70
229	16/07/2025	1	4	13	28	34	36
228	09/07/2025	18	48	49	54	55	85
227	02/07/2025	3	12	35	48	55	81
226	25/06/2025	19	20	23	45	68	85
225	18/06/2025	29	31	51	59	72	85
224	11/06/2025	6	12	25	43	49	52
223	04/06/2025	10	24	54	64	75	87
222	28/05/2025	17	30	41	44	51	57
221	21/05/2025	3	4	5	10	56	80
220	14/05/2025	19	49	59	67	69	78
219	07/05/2025	4	35	47	56	79	82
218	30/04/2025	9	22	36	69	81	82
217	23/04/2025	8	55	59	63	69	76
216	16/04/2025	2	6	33	52	85	88
215	09/04/2025	11	12	26	48	81	84
214	02/04/2025	20	28	43	53	86	87
213	26/03/2025	15	22	47	51	63	65
212	19/03/2025	7	24	56	59	73	75
211	12/03/2025	9	43	57	75	83	90
210	05/03/2025	6	7	35	56	63	90
209	26/02/2025	4	10	26	34	59	90
208	19/02/2025	9	24	39	55	61	87
207	12/02/2025	21	36	45	49	61	78
206	05/02/2025	3	15	16	19	36	74
205	29/01/2025	4	12	21	24	56	62
204	22/01/2025	7	8	30	51	59	72
203	15/01/2025	14	15	30	49	57	71
202	13/01/2025	3	28	39	80	87	88
201	08/01/2025	6	15	18	25	62	81
Archivio estrazioni SiVinceTutto SuperEnalotto anno 2026 aggiornato al 11/03/2026
209	11/03/2026	8	63	65	74	76	78
208	04/03/2026	1	8	35	78	84	87
207	25/02/2026	10	12	13	17	63	89
206	18/02/2026	27	60	65	68	71	77
205	11/02/2026	15	20	41	66	78	86
204	04/02/2026	14	25	29	42	49	64
203	28/01/2026	3	18	22	28	52	63
202	21/01/2026	22	26	27	48	79	81
201	14/01/2026	38	40	42	52	55	82
200	07/01/2026	3	14	40	42	74	88
11	18/03/2026	12	26	39	61	64	82
