Archivio estrazioni VinciCasa anno 2026
Concorso	Data	N.1	N.2	N.3	N.4	N.5
74	15/03/2026	17	23	34	37	40
73	14/03/2026	1	9	27	35	39
72	13/03/2026	8	17	18	33	37
71	12/03/2026	4	19	20	38	40
70	11/03/2026	9	14	18	22	28
69	10/03/2026	1	3	18	30	36
68	09/03/2026	10	20	22	28	30
67	08/03/2026	8	17	20	35	38
66	07/03/2026	23	26	27	29	38
65	06/03/2026	17	21	24	29	34
64	05/03/2026	31	33	37	39	40
63	04/03/2026	6	13	21	25	28
62	03/03/2026	6	11	14	23	39
61	02/03/2026	14	19	31	35	40
60	01/03/2026	5	13	15	20	29
59	28/02/2026	16	25	27	32	38
58	27/02/2026	7	18	24	25	35
57	26/02/2026	9	15	16	24	28
56	25/02/2026	8	29	34	36	40
55	24/02/2026	12	19	20	23	25
54	23/02/2026	5	17	30	36	39
53	22/02/2026	8	13	25	32	36
52	21/02/2026	3	11	16	31	34
51	20/02/2026	1	7	9	11	13
50	19/02/2026	3	4	14	16	22
49	18/02/2026	12	19	33	34	36
48	17/02/2026	12	15	21	36	40
47	16/02/2026	1	13	14	17	38
46	15/02/2026	1	5	15	23	33
45	14/02/2026	9	16	18	25	31
44	13/02/2026	5	6	7	20	28
43	12/02/2026	2	6	30	31	37
42	11/02/2026	10	17	21	22	30
41	10/02/2026	13	14	22	30	37
40	09/02/2026	2	16	21	25	34
39	08/02/2026	2	12	16	33	38
38	07/02/2026	8	15	18	26	33
37	06/02/2026	12	18	23	32	34
36	05/02/2026	5	17	18	30	34
35	04/02/2026	1	4	28	33	35
34	03/02/2026	10	14	29	35	36
33	02/02/2026	8	10	18	30	37
32	01/02/2026	3	8	13	14	17
31	31/01/2026	5	6	9	15	28
30	30/01/2026	1	19	20	21	23
29	29/01/2026	3	7	15	28	36
28	28/01/2026	5	10	13	18	31
27	27/01/2026	7	8	13	16	25
26	26/01/2026	3	9	10	16	21
25	25/01/2026	8	9	20	24	33
24	24/01/2026	1	23	25	26	32
23	23/01/2026	5	8	21	28	30
22	22/01/2026	4	21	23	25	28
21	21/01/2026	5	6	7	10	40
20	20/01/2026	2	6	17	23	27
19	19/01/2026	8	11	15	20	36
18	18/01/2026	1	29	34	37	39
17	17/01/2026	4	7	11	22	26
16	16/01/2026	15	17	18	20	31
15	15/01/2026	11	14	16	27	39
14	14/01/2026	11	21	25	27	37
13	13/01/2026	6	10	25	29	36
12	12/01/2026	1	10	14	19	33
11	11/01/2026	6	9	24	31	33
10	10/01/2026	2	19	20	37	39
9	09/01/2026	2	6	8	12	37
8	08/01/2026	2	11	12	25	30
7	07/01/2026	15	18	25	36	38
6	06/01/2026	1	25	26	35	39
5	05/01/2026	1	18	24	25	31
4	04/01/2026	3	6	18	29	37
3	03/01/2026	10	11	18	23	30
2	02/01/2026	21	25	26	31	33
1	01/01/2026	8	10	13	24	36
Archivio estrazioni VinciCasa anno 2025
365	31/12/2025	21	28	30	31	39
364	30/12/2025	11	22	23	25	39
363	29/12/2025	2	18	32	36	40
362	28/12/2025	7	11	18	20	23
361	27/12/2025	10	16	17	29	31
360	26/12/2025	14	17	18	20	28
359	25/12/2025	1	7	11	24	33
358	24/12/2025	6	10	19	24	31
357	23/12/2025	1	5	8	12	28
356	22/12/2025	8	13	16	22	27
355	21/12/2025	2	16	35	36	40
354	20/12/2025	6	8	28	38	39
353	19/12/2025	5	8	11	27	40
352	18/12/2025	3	21	22	26	36
351	17/12/2025	5	15	25	29	40
350	16/12/2025	4	9	16	18	23
349	15/12/2025	12	16	19	26	32
348	14/12/2025	14	17	19	20	32
347	13/12/2025	2	7	11	14	28
346	12/12/2025	7	16	20	25	27
345	11/12/2025	9	11	33	37	38
344	10/12/2025	8	18	30	34	39
343	09/12/2025	1	2	5	18	30
342	08/12/2025	3	6	24	29	34
341	07/12/2025	5	12	15	25	35
340	06/12/2025	13	15	21	29	37
339	05/12/2025	14	19	20	33	36
338	04/12/2025	3	16	18	22	34
337	03/12/2025	6	34	37	38	39
336	02/12/2025	23	28	32	35	36
335	01/12/2025	2	17	24	30	40
334	30/11/2025	9	13	14	30	37
333	29/11/2025	4	5	9	17	32
332	28/11/2025	1	12	14	20	29
331	27/11/2025	4	6	8	29	38
330	26/11/2025	11	22	36	38	40
329	25/11/2025	1	11	13	28	34
328	24/11/2025	13	21	26	37	40
327	23/11/2025	15	21	22	23	40
326	22/11/2025	4	19	22	24	28
325	21/11/2025	4	9	13	27	34
324	20/11/2025	4	14	28	32	37
323	19/11/2025	16	22	23	26	40
322	18/11/2025	12	19	20	30	38
321	17/11/2025	8	27	28	30	34
320	16/11/2025	5	17	27	29	34
319	15/11/2025	3	14	26	30	33
318	14/11/2025	9	11	13	28	40
317	13/11/2025	4	8	11	13	33
316	12/11/2025	4	24	35	36	40
315	11/11/2025	2	12	18	19	27
314	10/11/2025	6	19	24	35	36
313	09/11/2025	1	13	19	26	37
312	08/11/2025	3	11	14	26	37
311	07/11/2025	5	6	9	28	36
310	06/11/2025	6	8	18	35	37
309	05/11/2025	3	9	17	20	39
308	04/11/2025	4	6	10	14	23
307	03/11/2025	9	30	34	38	40
306	02/11/2025	6	19	34	36	37
305	01/11/2025	20	28	29	30	38
304	31/10/2025	12	15	32	35	38
303	30/10/2025	3	5	24	29	39
302	29/10/2025	11	19	22	23	26
301	28/10/2025	1	4	13	24	39
300	27/10/2025	4	14	23	28	34
299	26/10/2025	23	32	35	37	38
298	25/10/2025	4	11	15	16	32
297	24/10/2025	5	8	9	10	21
296	23/10/2025	2	5	14	20	23
295	22/10/2025	13	14	28	34	36
294	21/10/2025	10	21	28	32	37
293	20/10/2025	2	16	31	32	38
292	19/10/2025	15	19	24	26	32
291	18/10/2025	5	12	13	20	25
290	17/10/2025	25	31	34	35	36
289	16/10/2025	1	8	9	18	23
288	15/10/2025	8	9	28	35	38
287	14/10/2025	10	11	15	16	30
286	13/10/2025	8	17	18	31	39
285	12/10/2025	1	3	15	22	36
284	11/10/2025	2	5	19	20	25
283	10/10/2025	1	4	5	13	34
282	09/10/2025	8	9	27	29	34
281	08/10/2025	9	12	14	38	39
280	07/10/2025	7	13	23	27	28
279	06/10/2025	14	19	23	24	25
278	05/10/2025	6	11	13	26	36
277	04/10/2025	2	6	7	12	28
276	03/10/2025	6	10	11	13	24
275	02/10/2025	5	8	23	33	35
274	01/10/2025	5	11	16	30	31
273	30/09/2025	9	16	32	33	35
272	29/09/2025	1	5	8	9	17
271	28/09/2025	1	9	13	27	40
270	27/09/2025	1	4	7	9	11
269	26/09/2025	11	18	21	27	40
268	25/09/2025	3	7	16	27	39
267	24/09/2025	2	24	25	34	38
266	23/09/2025	4	7	20	31	36
265	22/09/2025	5	19	22	33	39
264	21/09/2025	7	14	19	25	34
263	20/09/2025	4	7	13	15	36
262	19/09/2025	5	17	24	29	36
261	18/09/2025	2	3	8	18	27
260	17/09/2025	2	9	16	32	36
259	16/09/2025	15	18	20	22	39
258	15/09/2025	3	8	10	32	34
257	14/09/2025	3	10	14	32	39
256	13/09/2025	8	22	24	25	38
255	12/09/2025	2	4	17	28	35
254	11/09/2025	1	9	13	20	23
253	10/09/2025	9	11	12	17	21
252	09/09/2025	2	8	22	31	32
251	08/09/2025	1	7	17	20	40
250	07/09/2025	2	9	11	24	29
249	06/09/2025	2	3	7	10	40
248	05/09/2025	2	10	24	25	39
247	04/09/2025	8	14	23	31	37
246	03/09/2025	2	5	11	23	25
245	02/09/2025	5	8	24	29	35
244	01/09/2025	7	10	31	35	36
243	31/08/2025	4	6	9	19	36
242	30/08/2025	5	11	17	18	37
241	29/08/2025	8	10	15	31	38
240	28/08/2025	1	7	12	32	40
239	27/08/2025	4	6	20	31	34
238	26/08/2025	9	18	30	38	39
237	25/08/2025	5	8	13	15	27
236	24/08/2025	4	5	8	34	40
235	23/08/2025	8	15	29	34	38
234	22/08/2025	1	2	18	24	29
233	21/08/2025	19	23	28	31	40
232	20/08/2025	1	9	12	26	37
231	19/08/2025	1	9	10	17	27
230	18/08/2025	2	10	16	31	37
229	17/08/2025	1	8	16	19	20
228	16/08/2025	19	30	33	37	39
227	15/08/2025	2	8	22	23	38
226	14/08/2025	1	6	7	11	20
225	13/08/2025	12	17	21	33	38
224	12/08/2025	3	16	17	19	26
223	11/08/2025	3	21	26	35	39
222	10/08/2025	3	14	15	20	23
221	09/08/2025	4	7	30	34	38
220	08/08/2025	15	20	30	34	40
219	07/08/2025	11	23	24	28	33
218	06/08/2025	4	8	29	30	37
217	05/08/2025	12	18	23	26	33
216	04/08/2025	1	4	20	25	40
215	03/08/2025	1	9	27	30	39
214	02/08/2025	3	12	13	19	37
213	01/08/2025	4	15	17	23	29
212	31/07/2025	9	12	21	25	40
211	30/07/2025	17	20	25	33	37
210	29/07/2025	2	9	23	31	38
209	28/07/2025	5	17	21	31	35
208	27/07/2025	10	14	25	27	30
207	26/07/2025	11	13	26	27	29
206	25/07/2025	12	17	22	38	40
205	24/07/2025	10	12	14	26	40
204	23/07/2025	3	5	13	17	22
203	22/07/2025	6	8	11	29	30
202	21/07/2025	3	22	32	37	40
201	20/07/2025	12	25	28	34	35
200	19/07/2025	13	17	25	31	32
199	18/07/2025	2	27	32	35	38
198	17/07/2025	15	17	19	21	26
197	16/07/2025	5	7	9	21	28
196	15/07/2025	19	25	27	33	39
195	14/07/2025	5	9	24	25	31
194	13/07/2025	1	20	23	25	34
193	12/07/2025	5	6	12	31	34
192	11/07/2025	18	22	26	27	38
191	10/07/2025	1	3	5	21	31
190	09/07/2025	2	5	6	17	27
189	08/07/2025	15	17	25	27	38
188	07/07/2025	2	6	38	39	40
187	06/07/2025	16	26	28	30	33
186	05/07/2025	3	4	6	7	15
185	04/07/2025	4	11	13	30	37
184	03/07/2025	25	27	30	37	39
183	02/07/2025	5	7	23	30	32
182	01/07/2025	8	16	18	30	40
181	30/06/2025	7	9	17	19	34
180	29/06/2025	1	2	10	19	37
179	28/06/2025	3	7	11	13	17
178	27/06/2025	8	23	25	28	36
177	26/06/2025	1	20	24	27	31
176	25/06/2025	2	16	18	30	32
175	24/06/2025	3	8	13	23	38
174	23/06/2025	5	16	17	26	31
173	22/06/2025	2	20	28	38	39
172	21/06/2025	3	5	32	34	37
171	20/06/2025	2	12	21	27	32
170	19/06/2025	4	10	11	19	37
169	18/06/2025	2	8	19	35	40
168	17/06/2025	5	9	13	20	39
167	16/06/2025	1	10	26	31	34
166	15/06/2025	2	24	26	34	38
165	14/06/2025	12	22	24	36	40
164	13/06/2025	14	22	23	32	40
163	12/06/2025	4	6	17	26	30
162	11/06/2025	7	10	15	25	38
161	10/06/2025	9	22	25	33	40
160	09/06/2025	4	19	31	33	38
159	08/06/2025	15	22	24	38	39
158	07/06/2025	4	11	17	28	35
157	06/06/2025	5	14	15	33	36
156	05/06/2025	11	13	21	31	35
155	04/06/2025	3	13	20	21	24
154	03/06/2025	2	13	18	28	38
153	02/06/2025	13	14	15	36	38
152	01/06/2025	12	15	19	20	36
151	31/05/2025	7	17	20	23	24
150	30/05/2025	2	10	22	26	37
149	29/05/2025	3	10	29	31	38
148	28/05/2025	6	21	24	30	37
147	27/05/2025	5	11	14	16	17
146	26/05/2025	2	22	26	36	38
145	25/05/2025	7	9	10	19	22
144	24/05/2025	2	3	13	14	32
143	23/05/2025	11	14	26	32	40
142	22/05/2025	4	22	25	35	39
141	21/05/2025	10	14	26	37	39
140	20/05/2025	2	8	17	34	37
139	19/05/2025	8	17	27	38	40
138	18/05/2025	5	24	26	35	37
137	17/05/2025	12	18	24	32	40
136	16/05/2025	18	26	28	30	35
135	15/05/2025	8	12	18	35	37
134	14/05/2025	1	8	14	20	36
133	13/05/2025	6	7	9	26	28
132	12/05/2025	12	17	21	29	30
131	11/05/2025	29	31	35	36	38
130	10/05/2025	14	32	33	34	37
129	09/05/2025	3	14	21	31	34
128	08/05/2025	7	9	11	33	38
127	07/05/2025	2	8	11	15	19
126	06/05/2025	26	28	36	37	40
125	05/05/2025	6	16	20	29	32
124	04/05/2025	19	28	29	30	33
123	03/05/2025	8	16	19	31	34
122	02/05/2025	11	13	32	34	38
121	01/05/2025	16	21	22	27	34
120	30/04/2025	8	19	26	31	34
119	29/04/2025	3	4	8	10	33
118	28/04/2025	13	15	34	35	38
117	27/04/2025	10	13	19	26	33
116	26/04/2025	9	22	27	28	38
115	25/04/2025	2	13	17	28	30
114	24/04/2025	3	8	26	32	37
113	23/04/2025	4	5	8	26	29
112	22/04/2025	1	8	18	22	28
111	21/04/2025	10	19	33	34	40
110	20/04/2025	6	9	16	19	30
109	19/04/2025	4	26	29	30	35
108	18/04/2025	8	12	18	19	34
107	17/04/2025	3	11	14	18	35
106	16/04/2025	7	8	9	22	36
105	15/04/2025	9	12	19	21	30
104	14/04/2025	15	16	23	24	38
103	13/04/2025	10	11	17	34	36
102	12/04/2025	14	23	34	37	38
101	11/04/2025	1	10	12	13	25
100	10/04/2025	21	30	35	37	38
99	09/04/2025	3	12	18	20	26
98	08/04/2025	14	15	24	34	38
97	07/04/2025	12	18	19	34	36
96	06/04/2025	6	13	14	26	40
95	05/04/2025	4	9	22	34	37
94	04/04/2025	8	17	19	22	38
93	03/04/2025	15	19	21	27	32
92	02/04/2025	3	9	10	15	31
91	01/04/2025	7	9	13	20	21
90	31/03/2025	11	15	27	35	36
89	30/03/2025	10	30	33	37	40
88	29/03/2025	5	9	23	25	39
87	28/03/2025	3	4	16	39	40
86	27/03/2025	19	23	24	36	40
85	26/03/2025	8	12	21	25	26
84	25/03/2025	8	9	23	24	36
83	24/03/2025	15	24	33	36	38
82	23/03/2025	3	11	28	32	36
81	22/03/2025	4	5	8	14	15
80	21/03/2025	1	3	8	9	38
79	20/03/2025	13	16	17	26	34
78	19/03/2025	9	13	16	20	23
77	18/03/2025	2	4	11	18	27
76	17/03/2025	19	21	22	35	40
75	16/03/2025	20	25	28	32	37
74	15/03/2025	4	6	21	27	29
73	14/03/2025	8	24	28	32	39
72	13/03/2025	13	22	23	28	30
71	12/03/2025	8	18	28	29	36
70	11/03/2025	1	13	16	34	38
69	10/03/2025	4	5	21	29	39
68	09/03/2025	7	15	29	33	34
67	08/03/2025	10	18	20	27	37
66	07/03/2025	6	19	23	36	40
65	06/03/2025	10	11	27	32	38
64	05/03/2025	28	32	35	36	40
63	04/03/2025	6	7	22	37	38
62	03/03/2025	19	23	32	34	39
61	02/03/2025	2	5	7	8	10
60	01/03/2025	1	3	6	17	20
59	28/02/2025	12	17	26	28	32
58	27/02/2025	2	19	27	31	32
57	26/02/2025	2	11	18	22	28
56	25/02/2025	6	12	21	29	31
55	24/02/2025	6	12	18	20	24
54	23/02/2025	3	8	20	25	34
53	22/02/2025	4	9	16	36	39
52	21/02/2025	8	9	21	23	24
51	20/02/2025	1	9	22	26	31
50	19/02/2025	2	6	16	24	33
49	18/02/2025	8	12	16	38	40
48	17/02/2025	1	6	20	27	36
47	16/02/2025	4	6	14	31	33
46	15/02/2025	8	10	12	16	18
45	14/02/2025	9	11	13	33	40
44	13/02/2025	2	7	9	26	40
43	12/02/2025	2	6	20	23	34
42	11/02/2025	4	6	17	25	28
41	10/02/2025	6	9	19	22	23
40	09/02/2025	1	2	10	12	15
39	08/02/2025	6	10	13	19	34
38	07/02/2025	3	18	20	21	24
37	06/02/2025	10	25	28	29	35
36	05/02/2025	10	18	19	27	30
35	04/02/2025	6	8	10	16	34
34	03/02/2025	1	7	17	26	37
33	02/02/2025	5	16	19	26	29
32	01/02/2025	1	18	19	22	25
31	31/01/2025	17	25	26	32	40
30	30/01/2025	1	4	12	15	27
29	29/01/2025	4	20	28	29	33
28	28/01/2025	22	25	27	35	38
27	27/01/2025	11	20	23	26	39
26	26/01/2025	16	18	21	26	31
25	25/01/2025	9	10	14	23	24
24	24/01/2025	1	3	21	27	29
23	23/01/2025	3	5	6	30	34
22	22/01/2025	6	18	29	34	39
21	21/01/2025	3	10	24	30	33
20	20/01/2025	11	13	29	31	32
19	19/01/2025	7	13	17	32	33
18	18/01/2025	13	18	23	25	38
17	17/01/2025	9	10	22	28	34
16	16/01/2025	1	17	19	23	37
15	15/01/2025	2	9	18	19	21
14	14/01/2025	1	7	13	25	39
13	13/01/2025	2	12	23	24	37
12	12/01/2025	1	2	17	19	21
11	11/01/2025	1	10	27	33	36
10	10/01/2025	12	19	22	28	40
9	09/01/2025	1	4	8	14	19
8	08/01/2025	2	24	28	33	35
7	07/01/2025	5	17	18	23	33
6	06/01/2025	6	18	29	34	36
5	05/01/2025	1	4	5	18	24
4	04/01/2025	5	15	26	31	38
3	03/01/2025	6	13	18	28	31
2	02/01/2025	13	16	21	38	39
1	01/01/2025	9	19	26	29	35
Archivio estrazioni VinciCasa anno 2024
366	31/12/2024	2	7	21	23	26
365	30/12/2024	3	19	23	31	37
364	29/12/2024	1	9	18	30	39
363	28/12/2024	5	13	19	28	38
362	27/12/2024	4	9	28	32	34
361	26/12/2024	3	19	20	22	25
360	25/12/2024	7	17	31	35	39
359	24/12/2024	11	17	18	26	35
358	23/12/2024	5	6	8	12	32
357	22/12/2024	2	4	17	36	40
356	21/12/2024	8	10	23	25	35
355	20/12/2024	12	15	19	29	35
354	19/12/2024	2	3	5	17	28
353	18/12/2024	8	14	22	30	37
352	17/12/2024	8	20	28	36	38
351	16/12/2024	2	5	6	11	13
350	15/12/2024	19	25	31	32	39
349	14/12/2024	5	7	25	30	39
348	13/12/2024	3	11	21	27	34
347	12/12/2024	4	11	16	19	27
346	11/12/2024	11	12	24	29	32
345	10/12/2024	10	20	25	29	33
344	09/12/2024	7	13	17	29	39
343	08/12/2024	11	14	29	33	38
342	07/12/2024	6	18	26	27	29
341	06/12/2024	4	8	9	12	27
340	05/12/2024	7	10	24	26	36
339	04/12/2024	5	7	10	38	40
338	03/12/2024	17	25	26	34	40
337	02/12/2024	4	12	15	19	34
336	01/12/2024	7	14	16	18	23
335	30/11/2024	2	6	15	19	23
334	29/11/2024	4	8	10	11	33
333	28/11/2024	3	10	15	34	39
332	27/11/2024	13	14	18	19	28
331	26/11/2024	5	19	29	30	38
330	25/11/2024	6	8	14	29	39
329	24/11/2024	1	3	6	24	29
328	23/11/2024	7	23	27	31	35
327	22/11/2024	8	10	12	26	36
326	21/11/2024	1	17	19	24	26
325	20/11/2024	3	9	16	23	32
324	19/11/2024	6	9	31	32	38
323	18/11/2024	18	19	23	30	40
322	17/11/2024	13	14	21	24	32
321	16/11/2024	4	13	14	16	27
320	15/11/2024	4	19	20	36	40
319	14/11/2024	3	9	23	25	30
318	13/11/2024	9	24	26	28	38
317	12/11/2024	7	15	19	22	29
316	11/11/2024	12	13	20	25	40
315	10/11/2024	4	11	13	15	37
314	09/11/2024	2	11	16	28	34
313	08/11/2024	2	28	35	36	39
312	07/11/2024	2	4	9	37	40
311	06/11/2024	9	15	19	26	39
310	05/11/2024	4	5	17	27	30
309	04/11/2024	2	20	25	27	40
308	03/11/2024	1	8	30	37	40
307	02/11/2024	1	4	7	24	25
306	01/11/2024	10	26	32	35	36
305	31/10/2024	1	12	27	31	34
304	30/10/2024	10	12	30	36	38
303	29/10/2024	8	10	17	21	28
302	28/10/2024	7	9	10	11	22
301	27/10/2024	5	10	18	30	32
300	26/10/2024	8	25	26	34	38
299	25/10/2024	7	10	12	19	31
298	24/10/2024	4	14	22	23	28
297	23/10/2024	11	22	25	26	37
296	22/10/2024	12	16	21	28	37
295	21/10/2024	11	13	23	24	38
294	20/10/2024	5	23	34	39	40
293	19/10/2024	7	11	13	30	31
292	18/10/2024	2	3	14	24	31
291	17/10/2024	6	11	12	14	17
290	16/10/2024	7	19	30	37	39
289	15/10/2024	7	8	17	23	34
288	14/10/2024	10	12	26	36	37
287	13/10/2024	19	21	28	32	39
286	12/10/2024	5	14	17	30	33
285	11/10/2024	1	2	23	34	36
284	10/10/2024	15	17	25	30	33
283	09/10/2024	2	16	27	33	39
282	08/10/2024	3	14	29	32	40
281	07/10/2024	3	14	22	26	34
280	06/10/2024	13	16	24	32	36
279	05/10/2024	8	21	34	35	40
278	04/10/2024	7	10	23	26	33
277	03/10/2024	2	25	30	32	37
276	02/10/2024	9	13	14	17	29
275	01/10/2024	5	20	21	32	36
274	30/09/2024	16	21	26	27	40
273	29/09/2024	4	5	14	21	35
272	28/09/2024	2	7	19	25	31
271	27/09/2024	9	13	14	34	36
270	26/09/2024	19	22	26	35	38
269	25/09/2024	5	14	29	32	35
268	24/09/2024	4	6	7	28	29
267	23/09/2024	4	7	11	18	34
266	22/09/2024	3	8	14	18	25
265	21/09/2024	12	20	30	32	33
264	20/09/2024	5	6	8	20	34
263	19/09/2024	3	13	20	22	24
262	18/09/2024	10	19	36	38	40
261	17/09/2024	6	11	19	32	35
260	16/09/2024	13	29	31	33	38
259	15/09/2024	9	15	17	29	39
258	14/09/2024	17	26	28	32	39
257	13/09/2024	2	14	22	37	38
256	12/09/2024	3	13	19	28	30
255	11/09/2024	1	4	22	29	37
254	10/09/2024	5	6	8	14	20
253	09/09/2024	5	8	20	34	39
252	08/09/2024	11	13	15	16	37
251	07/09/2024	10	13	27	30	38
250	06/09/2024	10	20	23	25	38
249	05/09/2024	3	8	23	27	30
248	04/09/2024	7	8	29	34	38
247	03/09/2024	2	10	11	13	22
246	02/09/2024	6	8	12	20	37
245	01/09/2024	4	6	20	31	40
244	31/08/2024	24	30	31	36	38
243	30/08/2024	9	20	25	35	38
242	29/08/2024	2	5	14	28	32
241	28/08/2024	2	11	35	37	40
240	27/08/2024	3	12	21	24	39
239	26/08/2024	9	18	27	35	38
238	25/08/2024	7	12	14	20	26
237	24/08/2024	15	19	21	26	40
236	23/08/2024	15	19	23	33	39
235	22/08/2024	6	16	18	19	37
234	21/08/2024	9	19	21	25	33
233	20/08/2024	5	10	16	32	39
232	19/08/2024	4	14	22	32	37
231	18/08/2024	9	10	15	21	36
230	17/08/2024	8	11	29	38	40
229	16/08/2024	11	15	21	22	40
228	15/08/2024	8	16	19	22	25
227	14/08/2024	11	13	15	17	40
226	13/08/2024	1	5	13	30	38
225	12/08/2024	7	13	31	32	38
224	11/08/2024	7	14	19	24	28
223	10/08/2024	17	23	24	34	36
222	09/08/2024	1	8	13	15	17
221	08/08/2024	20	21	22	34	40
220	07/08/2024	3	21	32	34	36
219	06/08/2024	6	11	20	24	39
218	05/08/2024	2	7	26	36	40
217	04/08/2024	13	24	28	31	38
216	03/08/2024	2	18	20	27	38
215	02/08/2024	6	11	12	22	23
214	01/08/2024	4	13	25	29	37
213	31/07/2024	6	7	16	17	19
212	30/07/2024	10	12	23	28	40
211	29/07/2024	8	16	18	19	20
210	28/07/2024	1	8	21	26	31
209	27/07/2024	18	20	23	31	36
208	26/07/2024	7	8	10	21	38
207	25/07/2024	7	15	16	24	29
206	24/07/2024	3	8	13	15	35
205	23/07/2024	16	19	20	27	32
204	22/07/2024	4	7	17	20	22
203	21/07/2024	3	7	25	36	39
202	20/07/2024	2	19	22	28	36
201	19/07/2024	2	10	13	22	29
200	18/07/2024	8	15	18	20	36
199	17/07/2024	6	20	27	29	40
198	16/07/2024	3	9	21	28	32
197	15/07/2024	5	10	18	21	35
196	14/07/2024	7	20	29	31	32
195	13/07/2024	3	12	15	23	33
194	12/07/2024	3	20	24	30	36
193	11/07/2024	1	12	14	21	23
192	10/07/2024	1	8	27	28	31
191	09/07/2024	9	15	20	22	32
190	08/07/2024	3	12	27	30	31
189	07/07/2024	6	16	24	28	34
188	06/07/2024	5	12	15	22	32
187	05/07/2024	15	18	21	26	30
186	04/07/2024	10	14	15	30	34
185	03/07/2024	4	8	24	31	32
184	02/07/2024	4	18	34	37	40
183	01/07/2024	17	33	34	35	38
182	30/06/2024	16	17	25	33	40
181	29/06/2024	1	22	31	37	40
180	28/06/2024	4	10	18	31	33
179	27/06/2024	2	5	22	36	40
178	26/06/2024	17	23	26	29	40
177	25/06/2024	1	8	14	28	39
176	24/06/2024	2	3	11	24	35
175	23/06/2024	1	8	16	26	28
174	22/06/2024	9	11	15	31	35
173	21/06/2024	10	11	24	28	29
172	20/06/2024	16	33	35	36	40
171	19/06/2024	1	7	36	38	39
170	18/06/2024	15	26	35	37	39
169	17/06/2024	10	16	19	27	30
168	16/06/2024	2	10	16	34	36
167	15/06/2024	3	5	24	26	37
166	14/06/2024	12	21	34	36	37
165	13/06/2024	3	10	14	27	32
164	12/06/2024	4	11	13	30	32
163	11/06/2024	6	7	8	11	20
162	10/06/2024	4	13	22	30	39
161	09/06/2024	16	17	18	25	34
160	08/06/2024	3	16	18	28	38
159	07/06/2024	1	4	22	23	39
158	06/06/2024	2	20	24	26	29
157	05/06/2024	6	12	29	32	40
156	04/06/2024	5	6	10	14	39
155	03/06/2024	9	17	19	24	34
154	02/06/2024	9	11	14	22	24
153	01/06/2024	5	17	22	27	38
152	31/05/2024	5	8	16	24	38
151	30/05/2024	29	32	33	35	40
150	29/05/2024	6	13	24	28	29
149	28/05/2024	1	6	25	28	33
148	27/05/2024	9	17	27	28	31
147	26/05/2024	1	14	15	22	36
146	25/05/2024	7	20	24	37	40
145	24/05/2024	3	17	21	28	29
144	23/05/2024	2	21	23	32	37
143	22/05/2024	3	12	25	30	32
142	21/05/2024	4	9	14	16	30
141	20/05/2024	3	5	17	39	40
140	19/05/2024	18	20	22	29	35
139	18/05/2024	4	7	27	33	34
138	17/05/2024	5	8	12	32	33
137	16/05/2024	1	2	9	10	40
136	15/05/2024	13	16	21	22	32
135	14/05/2024	1	5	16	36	38
134	13/05/2024	3	5	16	26	29
133	12/05/2024	2	13	27	31	37
132	11/05/2024	4	12	30	34	37
131	10/05/2024	13	18	22	32	39
130	09/05/2024	4	6	21	23	38
129	08/05/2024	2	17	29	31	40
128	07/05/2024	19	28	30	37	38
127	06/05/2024	5	19	24	32	37
126	05/05/2024	11	16	17	32	34
125	04/05/2024	4	18	35	36	37
124	03/05/2024	2	10	18	26	37
123	02/05/2024	5	8	14	21	37
122	01/05/2024	7	10	15	32	37
121	30/04/2024	1	22	28	34	38
120	29/04/2024	1	3	30	31	35
119	28/04/2024	1	6	9	10	17
118	27/04/2024	3	6	9	14	39
117	26/04/2024	4	11	21	24	40
116	25/04/2024	10	13	20	32	38
115	24/04/2024	5	11	25	36	38
114	23/04/2024	3	9	22	28	38
113	22/04/2024	10	21	34	35	40
112	21/04/2024	2	11	20	22	24
111	20/04/2024	15	21	22	31	39
110	19/04/2024	11	12	19	31	32
109	18/04/2024	10	11	19	20	31
108	17/04/2024	16	18	30	38	39
107	16/04/2024	6	15	18	27	40
106	15/04/2024	1	8	9	26	40
105	14/04/2024	2	7	10	14	29
104	13/04/2024	3	5	18	22	29
103	12/04/2024	4	5	14	17	37
102	11/04/2024	1	9	10	22	40
101	10/04/2024	5	6	9	11	33
100	09/04/2024	5	13	16	20	32
99	08/04/2024	1	5	11	12	17
98	07/04/2024	4	8	15	23	33
97	06/04/2024	1	2	12	39	40
96	05/04/2024	8	12	16	36	39
95	04/04/2024	7	25	37	38	40
94	03/04/2024	4	9	28	32	33
93	02/04/2024	4	10	24	34	38
92	01/04/2024	14	17	19	20	39
91	31/03/2024	1	18	19	25	35
90	30/03/2024	4	10	12	31	33
89	29/03/2024	1	16	24	30	38
88	28/03/2024	19	24	32	33	38
87	27/03/2024	14	19	25	29	36
86	26/03/2024	6	12	30	37	39
85	25/03/2024	17	23	27	29	37
84	24/03/2024	11	23	25	28	35
83	23/03/2024	5	11	19	21	25
82	22/03/2024	8	9	34	35	39
81	21/03/2024	9	13	21	29	37
80	20/03/2024	19	21	23	26	28
79	19/03/2024	8	9	18	19	24
78	18/03/2024	1	4	17	27	38
77	17/03/2024	13	14	18	24	29
76	16/03/2024	5	15	16	22	39
75	15/03/2024	9	28	34	37	39
74	14/03/2024	5	11	26	36	37
73	13/03/2024	3	5	22	23	30
72	12/03/2024	7	9	10	22	34
71	11/03/2024	10	11	17	18	31
70	10/03/2024	2	12	18	36	37
69	09/03/2024	10	12	19	24	31
68	08/03/2024	3	13	14	17	25
67	07/03/2024	5	9	20	21	35
66	06/03/2024	2	7	10	17	29
65	05/03/2024	2	7	22	28	32
64	04/03/2024	8	34	35	39	40
63	03/03/2024	18	28	33	35	39
62	02/03/2024	6	8	15	22	34
61	01/03/2024	5	7	23	25	34
60	29/02/2024	22	30	32	35	37
59	28/02/2024	13	14	18	25	30
58	27/02/2024	7	11	30	37	39
57	26/02/2024	11	15	18	29	32
56	25/02/2024	6	11	24	33	35
55	24/02/2024	1	13	15	28	36
54	23/02/2024	2	7	20	26	34
53	22/02/2024	5	11	20	24	40
52	21/02/2024	2	18	23	27	36
51	20/02/2024	6	7	11	14	35
50	19/02/2024	3	8	24	27	39
49	18/02/2024	4	10	15	18	26
48	17/02/2024	1	17	19	23	29
47	16/02/2024	2	15	25	29	30
46	15/02/2024	8	12	20	27	29
45	14/02/2024	5	20	28	31	33
44	13/02/2024	5	7	8	16	36
43	12/02/2024	8	9	14	30	35
42	11/02/2024	11	22	23	37	38
41	10/02/2024	4	22	26	31	40
40	09/02/2024	3	12	16	25	27
39	08/02/2024	13	20	22	23	29
38	07/02/2024	21	26	30	37	39
37	06/02/2024	4	9	10	28	36
36	05/02/2024	8	13	28	29	32
35	04/02/2024	5	13	16	25	27
34	03/02/2024	13	14	28	35	40
33	02/02/2024	1	4	7	26	34
32	01/02/2024	2	9	14	23	24
31	31/01/2024	1	6	16	18	26
30	30/01/2024	12	21	25	28	32
29	29/01/2024	12	20	32	33	35
28	28/01/2024	4	23	35	36	38
27	27/01/2024	3	4	8	13	15
26	26/01/2024	11	18	22	28	31
25	25/01/2024	6	9	16	25	40
24	24/01/2024	3	10	15	34	39
23	23/01/2024	1	6	10	18	22
22	22/01/2024	19	20	21	27	31
21	21/01/2024	9	19	29	33	40
20	20/01/2024	12	17	19	32	33
19	19/01/2024	8	16	22	30	37
18	18/01/2024	3	4	12	21	40
17	17/01/2024	7	9	24	29	39
16	16/01/2024	4	21	24	34	35
15	15/01/2024	2	7	18	20	38
14	14/01/2024	3	6	9	19	26
13	13/01/2024	10	11	28	30	31
12	12/01/2024	12	23	29	30	38
11	11/01/2024	5	13	18	20	35
10	10/01/2024	9	17	20	29	38
9	09/01/2024	9	29	32	36	38
8	08/01/2024	1	6	36	39	40
7	07/01/2024	6	11	15	23	40
6	06/01/2024	18	27	29	30	34
5	05/01/2024	20	23	24	31	38
4	04/01/2024	5	17	18	22	28
3	03/01/2024	3	18	20	23	34
2	02/01/2024	2	3	4	19	38
1	01/01/2024	2	11	15	32	38
Archivio estrazioni VinciCasa anno 2023
365	31/12/2023	12	27	28	35	36
364	30/12/2023	4	17	20	39	40
363	29/12/2023	14	29	33	35	40
362	28/12/2023	5	10	13	25	27
361	27/12/2023	16	27	32	34	36
360	26/12/2023	16	31	36	39	40
359	25/12/2023	6	21	25	28	40
358	24/12/2023	4	18	19	23	27
357	23/12/2023	6	9	10	13	31
356	22/12/2023	1	8	9	25	35
355	21/12/2023	1	15	26	27	36
354	20/12/2023	1	2	7	21	34
353	19/12/2023	3	6	13	18	22
352	18/12/2023	3	6	8	27	35
351	17/12/2023	4	11	18	24	39
350	16/12/2023	1	3	15	19	27
349	15/12/2023	10	16	21	29	38
348	14/12/2023	3	12	15	23	29
347	13/12/2023	12	21	29	31	38
346	12/12/2023	13	25	29	33	40
345	11/12/2023	13	29	36	38	40
344	10/12/2023	6	12	13	29	40
343	09/12/2023	7	12	21	27	32
342	08/12/2023	8	25	28	33	35
341	07/12/2023	10	13	21	23	30
340	06/12/2023	32	33	35	36	37
339	05/12/2023	7	8	19	23	34
338	04/12/2023	8	18	19	26	28
337	03/12/2023	5	6	24	27	39
336	02/12/2023	5	8	31	35	36
335	01/12/2023	11	12	14	18	28
334	30/11/2023	4	17	19	21	25
333	29/11/2023	2	5	17	32	39
332	28/11/2023	7	16	22	36	40
331	27/11/2023	3	12	13	15	27
330	26/11/2023	5	14	18	19	24
329	25/11/2023	2	15	19	29	31
328	24/11/2023	2	14	26	38	39
327	23/11/2023	2	9	15	18	36
326	22/11/2023	5	23	32	33	40
325	21/11/2023	1	3	9	14	35
324	20/11/2023	1	4	7	26	32
323	19/11/2023	13	15	20	22	40
322	18/11/2023	7	14	23	29	33
321	17/11/2023	8	15	17	22	31
320	16/11/2023	3	6	13	25	26
319	15/11/2023	4	9	13	31	38
318	14/11/2023	17	23	25	26	33
317	13/11/2023	6	15	27	31	32
316	12/11/2023	9	12	18	26	33
315	11/11/2023	9	10	14	29	39
314	10/11/2023	14	18	26	29	40
313	09/11/2023	10	12	13	20	36
312	08/11/2023	1	2	7	30	38
311	07/11/2023	6	8	13	29	38
310	06/11/2023	4	12	21	33	39
309	05/11/2023	2	6	20	28	30
308	04/11/2023	3	29	32	35	40
307	03/11/2023	8	20	22	31	34
306	02/11/2023	4	5	7	29	31
305	01/11/2023	1	8	23	32	37
304	31/10/2023	5	6	24	26	40
303	30/10/2023	8	11	27	37	39
302	29/10/2023	9	17	18	31	38
301	28/10/2023	10	19	35	39	40
300	27/10/2023	4	15	21	25	26
299	26/10/2023	7	19	25	34	40
298	25/10/2023	2	8	25	36	40
297	24/10/2023	8	18	22	29	33
296	23/10/2023	1	4	21	30	39
295	22/10/2023	2	17	27	31	39
294	21/10/2023	1	9	11	15	22
293	20/10/2023	5	7	14	29	30
292	19/10/2023	13	16	26	29	40
291	18/10/2023	2	13	16	21	40
290	17/10/2023	13	27	31	37	38
289	16/10/2023	11	13	24	32	39
288	15/10/2023	10	24	25	28	34
287	14/10/2023	3	7	25	29	36
286	13/10/2023	10	13	25	27	35
285	12/10/2023	1	8	10	22	26
284	11/10/2023	2	12	16	21	37
283	10/10/2023	12	13	26	32	34
282	09/10/2023	6	7	27	32	35
281	08/10/2023	3	13	20	30	35
280	07/10/2023	12	15	28	35	37
279	06/10/2023	1	5	12	30	32
278	05/10/2023	16	22	25	33	37
277	04/10/2023	2	7	18	26	35
276	03/10/2023	1	18	25	30	38
275	02/10/2023	7	14	23	27	37
274	01/10/2023	1	6	12	24	30
273	30/09/2023	2	15	16	19	40
272	29/09/2023	5	21	22	37	38
271	28/09/2023	1	7	24	32	37
270	27/09/2023	20	23	24	26	33
269	26/09/2023	8	13	23	31	35
268	25/09/2023	9	14	18	35	38
267	24/09/2023	2	7	11	27	30
266	23/09/2023	4	12	16	32	39
265	22/09/2023	13	17	20	32	37
264	21/09/2023	6	19	26	35	37
263	20/09/2023	8	20	23	27	36
262	19/09/2023	7	11	21	22	26
261	18/09/2023	1	2	11	13	30
260	17/09/2023	20	22	25	34	39
259	16/09/2023	6	9	12	25	29
258	15/09/2023	4	8	12	27	32
257	14/09/2023	11	13	21	27	40
256	13/09/2023	6	11	13	20	32
255	12/09/2023	1	10	16	22	30
254	11/09/2023	8	9	16	19	30
253	10/09/2023	9	10	19	20	37
252	09/09/2023	10	15	36	39	40
251	08/09/2023	2	17	18	28	31
250	07/09/2023	16	17	27	30	35
249	06/09/2023	4	6	31	37	38
248	05/09/2023	2	3	12	16	21
247	04/09/2023	9	10	15	25	32
246	03/09/2023	12	22	31	32	40
245	02/09/2023	10	12	15	19	40
244	01/09/2023	5	16	27	33	40
243	31/08/2023	4	17	20	22	38
242	30/08/2023	14	15	16	22	28
241	29/08/2023	5	7	28	31	34
240	28/08/2023	7	8	27	31	36
239	27/08/2023	5	12	15	22	28
238	26/08/2023	4	11	14	17	28
237	25/08/2023	5	18	23	32	40
236	24/08/2023	2	6	12	14	26
235	23/08/2023	13	15	23	27	29
234	22/08/2023	4	7	18	35	40
233	21/08/2023	24	25	33	35	40
232	20/08/2023	6	19	31	36	40
231	19/08/2023	11	23	29	32	36
230	18/08/2023	1	26	31	32	35
229	17/08/2023	3	8	24	28	39
228	16/08/2023	12	14	21	29	40
227	15/08/2023	3	12	18	21	35
226	14/08/2023	6	9	16	21	35
225	13/08/2023	1	12	21	28	34
224	12/08/2023	14	17	23	26	27
223	11/08/2023	8	9	11	20	23
222	10/08/2023	2	4	18	37	40
221	09/08/2023	8	27	31	34	39
220	08/08/2023	2	4	27	36	38
219	07/08/2023	5	9	16	21	23
218	06/08/2023	4	18	23	33	37
217	05/08/2023	8	13	19	27	35
216	04/08/2023	4	17	28	29	33
215	03/08/2023	6	15	29	39	40
214	02/08/2023	11	16	20	22	36
213	01/08/2023	5	6	7	12	22
212	31/07/2023	6	19	20	27	40
211	30/07/2023	3	7	8	30	40
210	29/07/2023	8	15	21	27	40
209	28/07/2023	17	20	21	28	30
208	27/07/2023	3	5	15	21	24
207	26/07/2023	8	12	18	22	33
206	25/07/2023	19	27	31	32	36
205	24/07/2023	3	6	7	10	30
204	23/07/2023	8	12	18	21	33
203	22/07/2023	1	6	12	20	34
202	21/07/2023	20	30	37	38	39
201	20/07/2023	3	12	31	38	39
200	19/07/2023	5	25	29	34	40
199	18/07/2023	8	26	29	30	37
198	17/07/2023	8	9	15	27	34
197	16/07/2023	3	14	19	29	33
196	15/07/2023	17	28	33	34	37
195	14/07/2023	12	16	17	19	33
194	13/07/2023	12	13	21	27	29
193	12/07/2023	10	28	29	30	31
192	11/07/2023	9	14	17	30	35
191	10/07/2023	15	18	21	28	32
190	09/07/2023	3	7	24	34	35
189	08/07/2023	8	12	23	24	32
188	07/07/2023	4	15	21	28	30
187	06/07/2023	3	11	21	23	37
186	05/07/2023	15	25	29	35	36
185	04/07/2023	10	14	27	36	38
184	03/07/2023	2	4	5	25	29
183	02/07/2023	18	20	21	35	37
182	01/07/2023	1	5	14	20	30
181	30/06/2023	9	13	21	22	39
180	29/06/2023	3	5	20	26	35
179	28/06/2023	2	15	26	31	40
178	27/06/2023	8	14	28	32	40
177	26/06/2023	6	14	20	26	34
176	25/06/2023	3	15	18	22	39
175	24/06/2023	19	21	29	30	36
174	23/06/2023	2	12	16	20	30
173	22/06/2023	6	22	28	38	40
172	21/06/2023	12	21	24	33	34
171	20/06/2023	5	17	21	25	26
170	19/06/2023	6	13	22	26	35
169	18/06/2023	3	7	18	20	40
168	17/06/2023	12	22	23	39	40
167	16/06/2023	11	15	16	24	25
166	15/06/2023	8	30	33	34	38
165	14/06/2023	9	13	19	28	34
164	13/06/2023	8	9	14	30	31
163	12/06/2023	21	30	35	36	38
162	11/06/2023	12	23	24	31	34
161	10/06/2023	3	5	13	18	19
160	09/06/2023	3	6	26	27	31
159	08/06/2023	3	9	24	25	31
158	07/06/2023	9	23	25	27	33
157	06/06/2023	26	28	34	37	40
156	05/06/2023	2	9	16	22	36
155	04/06/2023	6	13	30	34	35
154	03/06/2023	2	16	17	18	40
153	02/06/2023	7	29	33	36	40
152	01/06/2023	4	11	13	18	31
151	31/05/2023	3	9	29	32	34
150	30/05/2023	6	20	27	31	33
149	29/05/2023	6	7	25	26	39
148	28/05/2023	5	12	17	21	32
147	27/05/2023	3	12	14	27	36
146	26/05/2023	8	14	18	27	37
145	25/05/2023	18	24	25	27	32
144	24/05/2023	5	16	20	26	28
143	23/05/2023	1	17	28	33	36
142	22/05/2023	3	25	26	30	32
141	21/05/2023	2	6	11	23	38
140	20/05/2023	2	20	35	38	40
139	19/05/2023	3	21	24	26	35
138	18/05/2023	20	23	24	34	39
137	17/05/2023	5	22	31	36	37
136	16/05/2023	3	20	27	37	39
135	15/05/2023	5	26	31	36	39
134	14/05/2023	1	12	13	16	19
133	13/05/2023	8	18	19	22	39
132	12/05/2023	6	9	14	15	21
131	11/05/2023	10	26	30	31	37
130	10/05/2023	6	17	18	29	37
129	09/05/2023	6	12	18	21	35
128	08/05/2023	5	16	22	34	37
127	07/05/2023	4	8	27	29	32
126	06/05/2023	8	10	19	23	24
125	05/05/2023	2	18	21	27	35
124	04/05/2023	17	20	31	33	38
123	03/05/2023	6	10	24	26	29
122	02/05/2023	11	14	16	17	20
121	01/05/2023	11	12	24	33	35
120	30/04/2023	10	14	19	24	33
119	29/04/2023	7	20	22	34	35
118	28/04/2023	15	18	20	25	32
117	27/04/2023	7	10	11	25	30
116	26/04/2023	2	17	30	37	40
115	25/04/2023	4	5	9	25	26
114	24/04/2023	19	24	25	30	38
113	23/04/2023	7	15	21	31	33
112	22/04/2023	5	10	13	14	17
111	21/04/2023	3	9	26	27	29
110	20/04/2023	7	34	35	36	40
109	19/04/2023	14	21	22	23	38
108	18/04/2023	2	13	22	35	38
107	17/04/2023	3	5	16	26	40
106	16/04/2023	12	16	24	25	34
105	15/04/2023	1	26	27	35	38
104	14/04/2023	2	17	22	25	31
103	13/04/2023	5	17	20	24	25
102	12/04/2023	6	12	14	21	23
101	11/04/2023	4	7	11	16	23
100	10/04/2023	4	14	22	25	39
99	09/04/2023	4	13	20	31	35
98	08/04/2023	1	5	6	23	31
97	07/04/2023	1	2	14	18	40
96	06/04/2023	19	20	36	37	40
95	05/04/2023	12	16	18	25	27
94	04/04/2023	2	6	22	27	37
93	03/04/2023	9	11	13	16	20
92	02/04/2023	4	6	17	19	37
91	01/04/2023	5	20	27	28	31
90	31/03/2023	14	19	22	36	39
89	30/03/2023	2	10	19	38	39
88	29/03/2023	5	14	17	22	24
87	28/03/2023	18	21	28	29	37
86	27/03/2023	6	9	15	36	39
85	26/03/2023	5	6	25	30	35
84	25/03/2023	8	9	12	38	40
83	24/03/2023	8	10	22	25	29
82	23/03/2023	10	11	12	15	30
81	22/03/2023	17	23	33	35	36
80	21/03/2023	22	23	37	39	40
79	20/03/2023	2	9	10	11	16
78	19/03/2023	4	10	18	28	36
77	18/03/2023	2	10	11	15	18
76	17/03/2023	2	3	17	31	32
75	16/03/2023	3	4	11	21	24
74	15/03/2023	13	21	23	32	33
73	14/03/2023	6	9	26	27	30
72	13/03/2023	4	15	25	34	36
71	12/03/2023	3	8	9	14	32
70	11/03/2023	5	12	25	27	28
69	10/03/2023	9	10	12	16	26
68	09/03/2023	5	19	32	33	37
67	08/03/2023	8	13	24	31	34
66	07/03/2023	1	4	7	22	39
65	06/03/2023	2	6	8	24	35
64	05/03/2023	10	12	23	30	37
63	04/03/2023	4	12	23	31	35
62	03/03/2023	5	15	22	31	40
61	02/03/2023	10	21	27	33	35
60	01/03/2023	8	14	23	25	37
59	28/02/2023	32	33	36	39	40
58	27/02/2023	8	22	30	32	36
57	26/02/2023	4	11	19	33	36
56	25/02/2023	2	3	13	36	40
55	24/02/2023	10	19	21	23	36
54	23/02/2023	4	6	14	21	23
53	22/02/2023	8	13	19	21	29
52	21/02/2023	13	14	15	30	39
51	20/02/2023	1	5	10	25	33
50	19/02/2023	7	17	29	31	34
49	18/02/2023	6	14	24	29	40
48	17/02/2023	2	8	25	32	35
47	16/02/2023	4	16	17	28	37
46	15/02/2023	3	12	16	29	39
45	14/02/2023	2	16	23	29	33
44	13/02/2023	1	16	18	23	37
43	12/02/2023	13	20	34	38	40
42	11/02/2023	2	10	15	34	35
41	10/02/2023	13	14	15	28	32
40	09/02/2023	13	15	20	21	28
39	08/02/2023	5	9	16	34	39
38	07/02/2023	6	11	19	32	40
37	06/02/2023	20	29	37	38	39
36	05/02/2023	10	12	17	19	27
35	04/02/2023	10	17	18	22	29
34	03/02/2023	8	19	22	26	40
33	02/02/2023	1	5	11	13	16
32	01/02/2023	4	5	6	36	40
31	31/01/2023	3	9	13	14	20
30	30/01/2023	2	12	20	37	40
29	29/01/2023	10	21	29	32	34
28	28/01/2023	9	27	37	39	40
27	27/01/2023	1	5	16	27	32
26	26/01/2023	4	16	26	27	37
25	25/01/2023	7	12	18	37	39
24	24/01/2023	12	14	17	20	35
23	23/01/2023	2	19	26	37	40
22	22/01/2023	6	7	20	34	36
21	21/01/2023	6	8	11	18	19
20	20/01/2023	12	20	23	27	38
19	19/01/2023	4	5	20	25	31
18	18/01/2023	2	4	9	11	36
17	17/01/2023	3	6	11	13	38
16	16/01/2023	8	12	15	16	28
15	15/01/2023	3	6	18	24	38
14	14/01/2023	5	8	19	20	27
13	13/01/2023	5	12	15	17	33
12	12/01/2023	4	8	13	28	32
11	11/01/2023	5	8	16	26	36
10	10/01/2023	5	21	28	29	40
9	09/01/2023	19	20	26	27	39
8	08/01/2023	18	19	24	26	31
7	07/01/2023	6	17	20	34	35
6	06/01/2023	3	13	22	24	40
5	05/01/2023	3	13	22	25	26
4	04/01/2023	3	7	10	34	40
3	03/01/2023	3	6	28	38	39
2	02/01/2023	4	8	30	31	36
1	01/01/2023	7	9	14	19	32
Archivio estrazioni VinciCasa anno 2022
365	31/12/2022	5	10	12	32	37
364	30/12/2022	5	8	16	20	39
363	29/12/2022	5	21	26	27	31
362	28/12/2022	1	10	18	20	39
361	27/12/2022	4	8	22	28	38
360	26/12/2022	4	8	9	10	39
359	25/12/2022	1	8	22	29	36
358	24/12/2022	16	17	18	19	20
357	23/12/2022	2	9	25	38	40
356	22/12/2022	1	9	17	32	38
355	21/12/2022	6	19	22	32	36
354	20/12/2022	3	13	16	23	34
353	19/12/2022	3	7	10	28	37
352	18/12/2022	3	7	19	20	27
351	17/12/2022	2	11	12	24	37
350	16/12/2022	11	19	26	38	40
349	15/12/2022	11	16	17	26	40
348	14/12/2022	2	20	22	30	32
347	13/12/2022	11	18	29	30	32
346	12/12/2022	12	15	18	28	40
345	11/12/2022	10	18	27	29	32
344	10/12/2022	1	2	20	26	29
343	09/12/2022	7	11	15	21	23
342	08/12/2022	3	5	15	34	37
341	07/12/2022	1	18	21	29	39
340	06/12/2022	6	30	33	36	39
339	05/12/2022	2	8	13	22	31
338	04/12/2022	1	20	21	26	37
337	03/12/2022	4	8	13	36	40
336	02/12/2022	8	12	25	31	37
335	01/12/2022	8	14	34	35	38
334	30/11/2022	3	5	24	28	29
333	29/11/2022	15	22	24	28	32
332	28/11/2022	5	7	9	16	33
331	27/11/2022	21	25	28	37	38
330	26/11/2022	9	10	27	31	36
329	25/11/2022	24	28	32	37	39
328	24/11/2022	3	9	13	20	40
327	23/11/2022	8	17	21	24	35
326	22/11/2022	3	4	25	31	37
325	21/11/2022	4	12	14	18	24
324	20/11/2022	2	5	15	18	40
323	19/11/2022	10	20	27	28	39
322	18/11/2022	13	14	21	24	39
321	17/11/2022	2	26	31	32	37
320	16/11/2022	9	20	21	28	40
319	15/11/2022	4	20	21	29	34
318	14/11/2022	14	15	17	27	33
317	13/11/2022	3	4	8	17	27
316	12/11/2022	11	13	20	24	38
315	11/11/2022	5	16	19	32	37
314	10/11/2022	2	7	21	22	27
313	09/11/2022	8	9	35	36	38
312	08/11/2022	4	14	22	30	33
311	07/11/2022	9	17	19	21	39
310	06/11/2022	6	13	25	35	39
309	05/11/2022	3	5	17	29	32
308	04/11/2022	8	12	30	31	33
307	03/11/2022	4	7	14	23	39
306	02/11/2022	11	15	18	25	29
305	01/11/2022	19	20	24	37	38
304	31/10/2022	10	19	33	35	37
303	30/10/2022	6	10	26	32	40
302	29/10/2022	4	12	20	36	39
301	28/10/2022	2	8	12	32	33
300	27/10/2022	11	24	31	32	38
299	26/10/2022	14	24	26	33	39
298	25/10/2022	6	10	24	26	29
297	24/10/2022	10	11	14	19	33
296	23/10/2022	1	11	14	25	31
295	22/10/2022	1	6	8	10	23
294	21/10/2022	1	7	9	21	25
293	20/10/2022	24	25	28	38	40
292	19/10/2022	13	15	17	37	38
291	18/10/2022	9	25	32	33	34
290	17/10/2022	5	6	8	11	37
289	16/10/2022	10	12	18	31	40
288	15/10/2022	7	10	11	27	39
287	14/10/2022	7	13	14	36	39
286	13/10/2022	11	16	31	33	38
285	12/10/2022	6	7	10	15	23
284	11/10/2022	3	5	17	34	38
283	10/10/2022	2	11	13	38	39
282	09/10/2022	1	20	30	31	39
281	08/10/2022	6	19	26	34	35
280	07/10/2022	6	7	29	30	31
279	06/10/2022	1	10	18	24	35
278	05/10/2022	15	16	18	31	40
277	04/10/2022	9	10	16	32	39
276	03/10/2022	1	12	14	34	35
275	02/10/2022	2	8	14	16	19
274	01/10/2022	16	21	24	34	35
273	30/09/2022	4	5	19	28	31
272	29/09/2022	6	18	22	37	39
271	28/09/2022	6	10	11	37	39
270	27/09/2022	4	5	8	20	28
269	26/09/2022	4	6	12	25	36
268	25/09/2022	19	24	25	35	38
267	24/09/2022	6	14	18	28	39
266	23/09/2022	5	11	14	19	27
265	22/09/2022	1	19	25	29	39
264	21/09/2022	6	17	18	22	37
263	20/09/2022	10	24	26	36	39
262	19/09/2022	9	10	26	27	35
261	18/09/2022	4	16	18	21	23
260	17/09/2022	5	14	28	32	40
259	16/09/2022	2	10	15	22	24
258	15/09/2022	4	9	10	23	25
257	14/09/2022	1	3	13	17	36
256	13/09/2022	6	19	23	35	38
255	12/09/2022	7	11	18	19	22
254	11/09/2022	14	16	17	22	25
253	10/09/2022	16	24	30	31	36
252	09/09/2022	3	15	20	21	39
251	08/09/2022	9	10	27	29	33
250	07/09/2022	17	21	22	31	36
249	06/09/2022	12	19	24	32	36
248	05/09/2022	13	19	20	23	33
247	04/09/2022	4	15	18	31	36
246	03/09/2022	7	10	20	25	26
245	02/09/2022	1	5	15	21	29
244	01/09/2022	8	26	34	39	40
243	31/08/2022	4	11	13	16	40
242	30/08/2022	5	9	26	28	34
241	29/08/2022	2	11	13	21	34
240	28/08/2022	5	8	28	30	38
239	27/08/2022	10	12	21	27	36
238	26/08/2022	5	8	17	19	25
237	25/08/2022	7	21	24	29	33
236	24/08/2022	23	26	30	38	39
235	23/08/2022	3	4	16	21	25
234	22/08/2022	3	5	9	33	34
233	21/08/2022	14	20	29	36	39
232	20/08/2022	9	15	22	39	40
231	19/08/2022	14	29	32	38	39
230	18/08/2022	11	12	23	36	39
229	17/08/2022	15	23	28	34	39
228	16/08/2022	18	19	33	35	38
227	15/08/2022	6	22	33	34	38
226	14/08/2022	6	8	9	12	17
225	13/08/2022	7	21	33	36	39
224	12/08/2022	2	12	13	20	35
223	11/08/2022	13	18	21	36	38
222	10/08/2022	9	10	19	24	34
221	09/08/2022	16	20	28	30	34
220	08/08/2022	19	21	22	30	35
219	07/08/2022	4	10	29	31	34
218	06/08/2022	2	10	28	37	40
217	05/08/2022	5	9	11	17	32
216	04/08/2022	12	16	22	30	35
215	03/08/2022	8	13	26	34	40
214	02/08/2022	10	22	28	29	32
213	01/08/2022	5	23	29	30	34
212	31/07/2022	4	9	11	23	24
211	30/07/2022	5	18	26	38	39
210	29/07/2022	13	27	29	36	37
209	28/07/2022	2	13	14	23	32
208	27/07/2022	9	24	25	34	37
207	26/07/2022	8	32	38	39	40
206	25/07/2022	2	7	10	20	28
205	24/07/2022	7	15	16	29	35
204	23/07/2022	10	13	23	28	36
203	22/07/2022	4	6	11	27	38
202	21/07/2022	1	12	19	28	31
201	20/07/2022	1	17	21	24	28
200	19/07/2022	2	10	17	19	34
199	18/07/2022	8	20	27	37	40
198	17/07/2022	14	17	24	32	38
197	16/07/2022	3	5	6	39	40
196	15/07/2022	4	8	14	23	39
195	14/07/2022	3	4	6	23	26
194	13/07/2022	5	25	31	35	37
193	12/07/2022	22	27	30	33	38
192	11/07/2022	4	16	25	31	37
191	10/07/2022	18	23	24	27	34
190	09/07/2022	2	5	17	20	21
189	08/07/2022	13	15	16	23	27
188	07/07/2022	1	3	14	17	27
187	06/07/2022	3	8	14	21	23
186	05/07/2022	7	19	29	31	37
185	04/07/2022	1	2	11	24	40
184	03/07/2022	7	16	20	21	33
183	02/07/2022	3	25	27	31	40
182	01/07/2022	10	15	18	19	29
181	30/06/2022	12	13	20	30	34
180	29/06/2022	2	16	19	34	38
179	28/06/2022	1	4	32	37	38
178	27/06/2022	6	8	18	25	29
177	26/06/2022	4	16	21	31	36
176	25/06/2022	11	13	16	26	31
175	24/06/2022	6	8	19	32	39
174	23/06/2022	4	7	10	15	24
173	22/06/2022	8	11	18	27	33
172	21/06/2022	8	10	18	26	39
171	20/06/2022	11	14	18	31	36
170	19/06/2022	14	15	21	35	36
169	18/06/2022	4	14	18	19	39
168	17/06/2022	3	6	9	14	25
167	16/06/2022	6	8	9	14	24
166	15/06/2022	2	15	19	26	38
165	14/06/2022	1	4	12	19	39
164	13/06/2022	4	11	17	20	30
163	12/06/2022	13	34	37	39	40
162	11/06/2022	16	17	27	30	31
161	10/06/2022	4	11	20	22	25
160	09/06/2022	2	13	16	23	28
159	08/06/2022	5	7	9	24	34
158	07/06/2022	7	24	25	28	33
157	06/06/2022	16	21	23	31	34
156	05/06/2022	2	13	23	24	26
155	04/06/2022	2	5	12	25	27
154	03/06/2022	7	14	18	28	35
153	02/06/2022	15	20	22	24	35
152	01/06/2022	5	8	11	23	24
151	31/05/2022	8	12	26	28	35
150	30/05/2022	8	11	12	14	21
149	29/05/2022	3	9	14	22	40
148	28/05/2022	4	11	18	27	34
147	27/05/2022	1	10	12	33	37
146	26/05/2022	1	4	31	37	39
145	25/05/2022	10	26	32	38	39
144	24/05/2022	12	21	22	23	39
143	23/05/2022	24	25	28	31	32
142	22/05/2022	12	14	23	25	39
141	21/05/2022	8	23	26	29	30
140	20/05/2022	9	11	15	24	40
139	19/05/2022	4	27	29	34	36
138	18/05/2022	13	14	15	27	32
137	17/05/2022	4	15	16	37	40
136	16/05/2022	9	14	19	24	32
135	15/05/2022	5	7	18	28	30
134	14/05/2022	7	17	33	38	40
133	13/05/2022	13	24	25	32	35
132	12/05/2022	5	7	12	14	15
131	11/05/2022	9	24	26	32	35
130	10/05/2022	11	13	16	19	30
129	09/05/2022	13	17	29	36	37
128	08/05/2022	2	9	10	35	37
127	07/05/2022	4	8	30	34	37
126	06/05/2022	13	15	22	27	40
125	05/05/2022	6	12	19	31	33
124	04/05/2022	2	5	6	10	22
123	03/05/2022	6	21	26	31	40
122	02/05/2022	4	25	33	34	37
121	01/05/2022	26	30	32	38	40
120	30/04/2022	2	8	12	13	16
119	29/04/2022	8	11	13	20	26
118	28/04/2022	10	17	25	31	37
117	27/04/2022	1	19	21	27	33
116	26/04/2022	23	27	28	36	37
115	25/04/2022	10	11	15	28	36
114	24/04/2022	26	30	34	39	40
113	23/04/2022	10	17	19	27	29
112	22/04/2022	5	11	22	25	36
111	21/04/2022	5	13	15	33	36
110	20/04/2022	6	13	14	15	36
109	19/04/2022	3	4	20	28	32
108	18/04/2022	13	16	26	32	34
107	17/04/2022	3	4	18	29	36
106	16/04/2022	9	22	27	30	37
105	15/04/2022	4	22	28	31	32
104	14/04/2022	1	11	22	25	26
103	13/04/2022	1	11	29	31	33
102	12/04/2022	7	9	26	35	38
101	11/04/2022	9	10	25	33	37
100	10/04/2022	9	14	19	30	37
99	09/04/2022	1	9	12	31	38
98	08/04/2022	4	6	27	28	38
97	07/04/2022	12	23	25	29	34
96	06/04/2022	9	20	21	23	26
95	05/04/2022	13	16	21	25	34
94	04/04/2022	1	29	32	35	36
93	03/04/2022	2	5	11	24	25
92	02/04/2022	9	11	17	22	27
91	01/04/2022	3	12	18	38	39
90	31/03/2022	9	15	16	17	20
89	30/03/2022	6	20	28	35	39
88	29/03/2022	6	7	19	31	40
87	28/03/2022	3	4	34	37	38
86	27/03/2022	9	25	26	28	39
85	26/03/2022	9	11	12	15	34
84	25/03/2022	18	20	21	29	32
83	24/03/2022	2	24	25	28	38
82	23/03/2022	12	14	20	36	37
81	22/03/2022	22	27	31	32	36
80	21/03/2022	6	19	20	23	29
79	20/03/2022	7	18	21	35	38
78	19/03/2022	5	12	14	20	32
77	18/03/2022	4	5	13	28	32
76	17/03/2022	3	16	20	23	30
75	16/03/2022	2	16	22	23	24
74	15/03/2022	4	10	17	23	32
73	14/03/2022	3	7	15	16	21
72	13/03/2022	7	10	16	19	28
71	12/03/2022	3	6	12	29	30
70	11/03/2022	8	12	17	19	31
69	10/03/2022	1	3	11	24	33
68	09/03/2022	3	19	24	27	38
67	08/03/2022	4	16	19	22	32
66	07/03/2022	6	16	17	28	30
65	06/03/2022	4	8	13	24	36
64	05/03/2022	11	13	22	26	38
63	04/03/2022	11	15	26	31	38
62	03/03/2022	6	8	31	35	38
61	02/03/2022	17	21	23	30	37
60	01/03/2022	5	13	20	26	39
59	28/02/2022	19	25	33	38	39
58	27/02/2022	5	6	21	25	40
57	26/02/2022	2	11	14	27	32
56	25/02/2022	3	14	19	26	30
55	24/02/2022	18	26	34	36	39
54	23/02/2022	6	7	11	14	27
53	22/02/2022	7	16	17	25	29
52	21/02/2022	3	7	12	25	28
51	20/02/2022	7	11	12	36	37
50	19/02/2022	2	11	12	31	32
49	18/02/2022	5	8	21	24	27
48	17/02/2022	7	9	15	30	37
47	16/02/2022	13	14	21	29	38
46	15/02/2022	3	12	16	21	34
45	14/02/2022	8	10	17	29	40
44	13/02/2022	1	2	8	17	37
43	12/02/2022	4	7	14	16	39
42	11/02/2022	9	16	22	26	37
41	10/02/2022	4	6	11	15	28
40	09/02/2022	22	24	30	31	38
39	08/02/2022	1	19	26	29	37
38	07/02/2022	2	29	30	31	38
37	06/02/2022	9	11	19	20	21
36	05/02/2022	7	15	18	26	30
35	04/02/2022	16	20	35	36	38
34	03/02/2022	14	16	20	21	40
33	02/02/2022	3	7	26	28	29
32	01/02/2022	3	4	16	29	38
31	31/01/2022	2	8	14	19	39
30	30/01/2022	6	14	30	33	34
29	29/01/2022	19	25	26	29	36
28	28/01/2022	3	6	9	18	33
27	27/01/2022	2	6	21	30	33
26	26/01/2022	2	8	16	30	40
25	25/01/2022	11	26	28	34	40
24	24/01/2022	6	20	28	30	32
23	23/01/2022	4	5	23	24	26
22	22/01/2022	3	5	10	16	26
21	21/01/2022	14	28	29	33	35
20	20/01/2022	4	9	24	28	30
19	19/01/2022	3	11	13	15	33
18	18/01/2022	9	11	13	32	40
17	17/01/2022	1	28	31	34	36
16	16/01/2022	4	25	30	31	38
15	15/01/2022	2	13	27	30	38
14	14/01/2022	5	18	37	38	40
13	13/01/2022	7	18	21	22	37
12	12/01/2022	14	16	19	33	39
11	11/01/2022	2	15	17	22	29
10	10/01/2022	2	4	7	17	39
9	09/01/2022	8	17	21	26	35
8	08/01/2022	7	8	19	30	39
7	07/01/2022	8	9	17	32	37
6	06/01/2022	8	9	22	25	38
5	05/01/2022	5	13	14	19	32
4	04/01/2022	13	18	22	29	35
3	03/01/2022	8	14	17	26	39
2	02/01/2022	5	9	26	27	31
1	01/01/2022	3	4	16	26	40
Archivio estrazioni VinciCasa anno 2021
365	31/12/2021	14	23	26	27	39
364	30/12/2021	9	17	20	25	39
363	29/12/2021	2	3	13	15	40
362	28/12/2021	6	9	11	12	36
361	27/12/2021	10	21	22	29	30
360	26/12/2021	1	3	7	22	38
359	25/12/2021	7	18	21	27	34
358	24/12/2021	11	19	20	29	36
357	23/12/2021	4	9	16	23	36
356	22/12/2021	4	19	21	32	39
355	21/12/2021	1	12	19	24	27
354	20/12/2021	2	7	8	13	30
353	19/12/2021	17	18	20	31	32
352	18/12/2021	13	21	23	37	39
351	17/12/2021	1	7	13	17	20
350	16/12/2021	7	8	15	16	31
349	15/12/2021	10	22	23	30	40
348	14/12/2021	9	10	24	26	39
347	13/12/2021	4	32	35	36	37
346	12/12/2021	2	15	20	23	26
345	11/12/2021	13	21	22	30	31
344	10/12/2021	3	20	21	25	36
343	09/12/2021	15	22	26	27	36
342	08/12/2021	9	14	16	28	38
341	07/12/2021	3	5	28	31	32
340	06/12/2021	7	8	11	13	35
339	05/12/2021	3	10	18	23	28
338	04/12/2021	13	14	23	29	36
337	03/12/2021	8	10	19	27	34
336	02/12/2021	25	26	33	34	36
335	01/12/2021	4	11	20	31	37
334	30/11/2021	4	8	14	22	32
333	29/11/2021	2	11	13	25	38
332	28/11/2021	9	19	21	29	36
331	27/11/2021	5	22	38	39	40
330	26/11/2021	10	21	22	26	34
329	25/11/2021	3	12	17	24	28
328	24/11/2021	5	6	23	37	38
327	23/11/2021	6	18	25	30	33
326	22/11/2021	4	6	16	30	38
325	21/11/2021	2	11	22	26	39
324	20/11/2021	8	9	17	29	38
323	19/11/2021	3	11	13	36	39
322	18/11/2021	3	19	22	28	32
321	17/11/2021	1	15	28	38	39
320	16/11/2021	2	18	25	28	30
319	15/11/2021	25	28	32	36	37
318	14/11/2021	8	19	22	34	35
317	13/11/2021	1	14	30	35	37
316	12/11/2021	10	19	22	28	32
315	11/11/2021	8	10	16	17	23
314	10/11/2021	8	11	19	22	35
313	09/11/2021	7	14	17	20	38
312	08/11/2021	3	11	23	25	26
311	07/11/2021	9	18	22	24	25
310	06/11/2021	7	23	26	27	40
309	05/11/2021	12	26	29	35	39
308	04/11/2021	2	4	27	30	33
307	03/11/2021	5	9	27	31	36
306	02/11/2021	1	13	22	27	40
305	01/11/2021	20	21	27	36	37
304	31/10/2021	2	10	13	23	27
303	30/10/2021	1	15	23	36	38
302	29/10/2021	7	11	21	24	28
301	28/10/2021	23	27	29	34	39
300	27/10/2021	12	18	26	30	37
299	26/10/2021	7	9	10	25	29
298	25/10/2021	8	10	16	22	25
297	24/10/2021	5	12	14	16	32
296	23/10/2021	4	6	15	32	36
295	22/10/2021	20	23	27	36	40
294	21/10/2021	6	11	17	18	19
293	20/10/2021	4	5	17	18	26
292	19/10/2021	4	17	25	27	39
291	18/10/2021	5	21	26	38	40
290	17/10/2021	5	26	27	28	31
289	16/10/2021	6	7	15	21	38
288	15/10/2021	1	5	13	15	35
287	14/10/2021	1	7	19	23	39
286	13/10/2021	1	15	16	30	36
285	12/10/2021	1	7	22	29	40
284	11/10/2021	7	21	23	33	40
283	10/10/2021	1	13	25	27	33
282	09/10/2021	31	32	35	37	38
281	08/10/2021	2	12	22	24	39
280	07/10/2021	10	11	15	31	32
279	06/10/2021	6	7	11	13	14
278	05/10/2021	6	7	16	20	26
277	04/10/2021	4	5	6	31	37
276	03/10/2021	4	5	8	15	36
275	02/10/2021	3	9	13	22	34
274	01/10/2021	7	10	12	38	40
273	30/09/2021	6	10	20	27	28
272	29/09/2021	6	10	13	32	37
271	28/09/2021	12	25	27	33	37
270	27/09/2021	1	10	21	35	39
269	26/09/2021	10	12	21	26	40
268	25/09/2021	6	9	10	26	38
267	24/09/2021	28	31	32	36	38
266	23/09/2021	12	14	17	20	37
265	22/09/2021	5	7	12	23	33
264	21/09/2021	4	8	23	30	37
263	20/09/2021	6	13	22	23	25
262	19/09/2021	4	18	19	26	38
261	18/09/2021	5	7	29	30	33
260	17/09/2021	3	10	21	35	39
259	16/09/2021	3	6	18	22	26
258	15/09/2021	5	16	28	37	38
257	14/09/2021	4	5	7	11	35
256	13/09/2021	3	8	16	23	33
255	12/09/2021	18	29	30	37	38
254	11/09/2021	13	26	28	30	39
253	10/09/2021	8	10	26	28	37
252	09/09/2021	2	13	23	25	26
251	08/09/2021	1	3	17	18	32
250	07/09/2021	13	14	28	37	40
249	06/09/2021	7	14	21	33	37
248	05/09/2021	12	17	24	25	32
247	04/09/2021	20	23	24	26	30
246	03/09/2021	1	12	15	25	40
245	02/09/2021	12	15	19	24	27
244	01/09/2021	15	16	26	27	35
243	31/08/2021	16	23	24	28	34
242	30/08/2021	1	3	17	32	39
241	29/08/2021	6	8	14	17	33
240	28/08/2021	14	15	22	35	37
239	27/08/2021	8	11	12	17	27
238	26/08/2021	5	36	38	39	40
237	25/08/2021	6	13	18	33	39
236	24/08/2021	3	9	14	24	34
235	23/08/2021	10	13	15	28	29
234	22/08/2021	6	10	28	38	39
233	21/08/2021	5	17	20	29	34
232	20/08/2021	21	22	26	33	40
231	19/08/2021	4	6	12	13	30
230	18/08/2021	17	18	22	27	32
229	17/08/2021	19	29	32	33	40
228	16/08/2021	13	16	20	36	40
227	15/08/2021	14	20	24	30	39
226	14/08/2021	2	13	18	24	38
225	13/08/2021	11	26	28	36	37
224	12/08/2021	5	10	20	24	40
223	11/08/2021	3	21	29	33	36
222	10/08/2021	12	16	21	24	39
221	09/08/2021	2	19	23	33	36
220	08/08/2021	12	15	17	22	38
219	07/08/2021	25	26	35	37	40
218	06/08/2021	15	23	32	37	40
217	05/08/2021	11	12	14	23	35
216	04/08/2021	13	20	23	29	30
215	03/08/2021	4	11	17	22	32
214	02/08/2021	6	7	22	25	30
213	01/08/2021	2	5	9	20	24
212	31/07/2021	21	24	27	37	40
211	30/07/2021	10	12	29	31	34
210	29/07/2021	13	20	22	27	37
209	28/07/2021	23	24	26	28	36
208	27/07/2021	6	13	19	23	33
207	26/07/2021	2	8	9	13	27
206	25/07/2021	13	15	26	28	36
205	24/07/2021	3	4	16	21	31
204	23/07/2021	5	19	26	39	40
203	22/07/2021	5	10	22	32	38
202	21/07/2021	19	24	26	29	37
201	20/07/2021	3	10	13	32	38
200	19/07/2021	16	23	24	32	34
199	18/07/2021	9	12	20	22	27
198	17/07/2021	4	16	30	33	37
197	16/07/2021	22	23	25	29	34
196	15/07/2021	21	23	24	30	33
195	14/07/2021	8	11	14	15	34
194	13/07/2021	14	18	34	39	40
193	12/07/2021	11	16	20	22	37
192	11/07/2021	1	2	14	17	22
191	10/07/2021	9	25	33	37	40
190	09/07/2021	6	12	32	39	40
189	08/07/2021	11	14	18	20	25
188	07/07/2021	2	4	13	22	29
187	06/07/2021	4	12	16	17	28
186	05/07/2021	8	16	32	38	39
185	04/07/2021	11	15	27	31	35
184	03/07/2021	12	14	22	29	38
183	02/07/2021	10	11	23	26	27
182	01/07/2021	4	19	25	34	35
181	30/06/2021	1	4	6	19	28
180	29/06/2021	11	18	23	28	34
179	28/06/2021	3	21	27	31	37
178	27/06/2021	4	15	19	20	22
177	26/06/2021	11	14	24	25	39
176	25/06/2021	2	26	29	33	35
175	24/06/2021	11	14	15	28	30
174	23/06/2021	2	6	14	27	29
173	22/06/2021	13	23	25	32	37
172	21/06/2021	6	23	27	37	40
171	20/06/2021	17	18	19	20	39
170	19/06/2021	10	13	19	25	38
169	18/06/2021	2	25	26	32	37
168	17/06/2021	10	13	32	33	37
167	16/06/2021	6	10	18	27	37
166	15/06/2021	9	12	21	28	30
165	14/06/2021	1	7	16	36	39
164	13/06/2021	17	19	26	28	31
163	12/06/2021	6	11	13	18	32
162	11/06/2021	7	8	13	15	17
161	10/06/2021	9	12	18	24	26
160	09/06/2021	8	10	23	32	39
159	08/06/2021	9	10	14	26	30
158	07/06/2021	1	7	17	21	40
157	06/06/2021	3	5	7	16	20
156	05/06/2021	2	3	11	13	25
155	04/06/2021	1	11	14	21	37
154	03/06/2021	1	4	5	11	14
153	02/06/2021	10	18	20	34	36
152	01/06/2021	14	16	19	27	31
151	31/05/2021	4	11	23	33	34
150	30/05/2021	7	10	18	19	31
149	29/05/2021	1	30	32	38	39
148	28/05/2021	8	12	14	30	38
147	27/05/2021	10	11	28	35	38
146	26/05/2021	9	13	26	31	32
145	25/05/2021	11	16	32	38	39
144	24/05/2021	5	22	29	32	33
143	23/05/2021	1	3	11	21	36
142	22/05/2021	4	11	18	28	32
141	21/05/2021	8	12	23	25	27
140	20/05/2021	11	20	22	27	30
139	19/05/2021	18	29	36	37	38
138	18/05/2021	6	10	15	21	32
137	17/05/2021	7	11	19	38	39
136	16/05/2021	5	17	18	24	36
135	15/05/2021	3	4	8	21	28
134	14/05/2021	2	3	4	5	33
133	13/05/2021	1	6	13	17	39
132	12/05/2021	1	12	17	34	36
131	11/05/2021	7	8	25	31	32
130	10/05/2021	11	16	31	34	37
129	09/05/2021	8	15	16	20	26
128	08/05/2021	8	12	15	16	27
127	07/05/2021	4	16	22	28	39
126	06/05/2021	2	14	26	31	33
125	05/05/2021	14	19	22	35	38
124	04/05/2021	1	6	17	35	36
123	03/05/2021	3	11	17	20	21
122	02/05/2021	1	6	7	16	23
121	01/05/2021	14	26	29	31	36
120	30/04/2021	1	2	10	23	29
119	29/04/2021	2	5	14	18	34
118	28/04/2021	9	22	23	32	34
117	27/04/2021	12	21	22	24	37
116	26/04/2021	2	22	28	29	35
115	25/04/2021	3	4	8	20	33
114	24/04/2021	4	16	18	19	34
113	23/04/2021	4	5	9	21	26
112	22/04/2021	4	11	16	21	22
111	21/04/2021	4	6	11	25	39
110	20/04/2021	29	30	33	34	36
109	19/04/2021	4	10	16	27	40
108	18/04/2021	5	9	14	23	24
107	17/04/2021	7	16	29	34	39
106	16/04/2021	5	15	23	27	29
105	15/04/2021	3	16	19	20	26
104	14/04/2021	5	6	8	11	19
103	13/04/2021	6	14	20	22	30
102	12/04/2021	9	17	20	33	35
101	11/04/2021	18	23	27	35	40
100	10/04/2021	4	6	21	24	35
99	09/04/2021	13	15	17	35	40
98	08/04/2021	17	25	30	31	37
97	07/04/2021	17	21	26	29	37
96	06/04/2021	13	22	26	32	37
95	05/04/2021	16	20	21	26	28
94	04/04/2021	4	8	29	33	35
93	03/04/2021	7	21	27	30	36
92	02/04/2021	10	17	21	34	38
91	01/04/2021	11	14	23	28	36
90	31/03/2021	22	28	32	33	39
89	30/03/2021	10	15	16	23	31
88	29/03/2021	17	29	34	35	37
87	28/03/2021	2	10	30	32	39
86	27/03/2021	5	6	15	19	31
85	26/03/2021	2	9	10	27	31
84	25/03/2021	7	12	14	26	35
83	24/03/2021	6	11	20	23	37
82	23/03/2021	1	9	19	28	36
81	22/03/2021	10	15	25	33	38
80	21/03/2021	6	29	33	36	39
79	20/03/2021	11	20	23	29	31
78	19/03/2021	5	8	11	20	25
77	18/03/2021	13	25	26	34	40
76	17/03/2021	4	5	12	20	26
75	16/03/2021	1	14	15	32	37
74	15/03/2021	11	14	19	30	39
73	14/03/2021	15	16	17	27	32
72	13/03/2021	9	26	28	32	33
71	12/03/2021	5	8	13	24	31
70	11/03/2021	2	7	12	19	27
69	10/03/2021	3	16	19	20	35
68	09/03/2021	12	21	27	30	31
67	08/03/2021	8	19	21	35	37
66	07/03/2021	17	18	24	27	40
65	06/03/2021	14	20	24	26	32
64	05/03/2021	4	23	26	32	38
63	04/03/2021	1	13	27	28	36
62	03/03/2021	1	7	13	34	38
61	02/03/2021	18	25	32	38	39
60	01/03/2021	9	17	18	19	22
59	28/02/2021	2	15	24	33	37
58	27/02/2021	1	5	13	18	25
57	26/02/2021	21	28	29	32	39
56	25/02/2021	16	18	23	26	40
55	24/02/2021	5	15	17	30	32
54	23/02/2021	4	8	12	24	34
53	22/02/2021	9	12	26	32	40
52	21/02/2021	2	9	20	27	32
51	20/02/2021	6	9	13	14	36
50	19/02/2021	2	23	25	29	33
49	18/02/2021	12	13	18	22	23
48	17/02/2021	1	3	16	23	37
47	16/02/2021	4	11	12	26	38
46	15/02/2021	1	5	18	34	37
45	14/02/2021	11	22	24	26	32
44	13/02/2021	17	19	26	30	40
43	12/02/2021	3	21	27	28	38
42	11/02/2021	3	7	9	15	17
41	10/02/2021	6	11	27	30	34
40	09/02/2021	2	13	19	26	32
39	08/02/2021	2	15	18	31	32
38	07/02/2021	9	10	16	25	32
37	06/02/2021	3	19	22	28	38
36	05/02/2021	4	11	14	16	39
35	04/02/2021	12	13	17	20	35
34	03/02/2021	5	8	29	34	40
33	02/02/2021	2	11	13	34	38
32	01/02/2021	4	12	19	21	25
31	31/01/2021	5	11	23	30	31
30	30/01/2021	3	7	16	20	40
29	29/01/2021	5	7	16	18	32
28	28/01/2021	19	20	22	37	38
27	27/01/2021	9	13	19	36	37
26	26/01/2021	24	27	29	36	40
25	25/01/2021	5	13	15	21	36
24	24/01/2021	5	18	26	31	34
23	23/01/2021	10	20	26	28	30
22	22/01/2021	4	8	15	17	40
21	21/01/2021	20	22	30	34	38
20	20/01/2021	3	5	15	21	23
19	19/01/2021	10	15	24	35	39
18	18/01/2021	3	10	19	23	27
17	17/01/2021	1	9	15	27	39
16	16/01/2021	1	6	18	28	36
15	15/01/2021	2	6	11	22	35
14	14/01/2021	4	8	15	20	30
13	13/01/2021	9	13	22	26	30
12	12/01/2021	10	23	24	36	38
11	11/01/2021	2	3	5	21	26
10	10/01/2021	9	15	18	27	39
9	09/01/2021	8	21	25	28	39
8	08/01/2021	7	10	18	25	36
7	07/01/2021	3	6	13	18	25
6	06/01/2021	8	10	15	22	31
5	05/01/2021	3	7	22	28	37
4	04/01/2021	14	18	24	30	33
3	03/01/2021	1	3	7	8	38
2	02/01/2021	16	19	23	37	39
1	01/01/2021	12	14	28	30	40
Archivio estrazioni VinciCasa anno 2020
366	31/12/2020	5	10	15	20	33
365	30/12/2020	15	29	34	35	40
364	29/12/2020	8	21	23	27	32
363	28/12/2020	3	5	16	27	31
362	27/12/2020	1	10	12	28	38
361	26/12/2020	9	13	27	34	39
360	25/12/2020	3	12	18	31	40
359	24/12/2020	3	6	22	33	39
358	23/12/2020	9	14	23	25	33
357	22/12/2020	1	9	17	19	40
356	21/12/2020	1	2	10	25	39
355	20/12/2020	3	7	11	24	36
354	19/12/2020	1	13	19	28	38
353	18/12/2020	3	8	12	28	40
352	17/12/2020	7	10	29	31	40
351	16/12/2020	11	13	14	21	27
350	15/12/2020	8	11	14	17	18
349	14/12/2020	2	15	19	30	34
348	13/12/2020	15	18	26	33	38
347	12/12/2020	4	5	14	22	40
346	11/12/2020	11	14	23	32	34
345	10/12/2020	3	17	24	31	37
344	09/12/2020	7	10	16	20	33
343	08/12/2020	8	12	13	22	33
342	07/12/2020	2	14	26	36	38
341	06/12/2020	3	5	8	16	35
340	05/12/2020	6	18	24	30	34
339	04/12/2020	8	18	30	33	35
338	03/12/2020	11	16	19	29	31
337	02/12/2020	2	17	21	25	26
336	01/12/2020	5	6	12	29	40
335	30/11/2020	6	11	14	23	25
334	29/11/2020	2	5	13	30	40
333	28/11/2020	12	26	33	34	38
332	27/11/2020	3	6	13	34	38
331	26/11/2020	3	8	24	27	30
330	25/11/2020	3	11	13	21	28
329	24/11/2020	12	14	16	22	33
328	23/11/2020	10	27	32	35	38
327	22/11/2020	4	9	10	34	38
326	21/11/2020	6	20	27	29	32
325	20/11/2020	7	14	23	30	38
324	19/11/2020	17	22	29	35	36
323	18/11/2020	11	13	20	33	37
322	17/11/2020	4	14	15	16	25
321	16/11/2020	9	13	14	31	38
320	15/11/2020	17	23	27	29	39
319	14/11/2020	19	20	24	27	30
318	13/11/2020	18	19	22	35	36
317	12/11/2020	13	18	24	33	37
316	11/11/2020	7	12	22	28	40
315	10/11/2020	7	11	32	34	37
314	09/11/2020	4	11	23	24	34
313	08/11/2020	6	9	12	20	28
312	07/11/2020	13	20	26	30	34
311	06/11/2020	8	13	21	29	32
310	05/11/2020	1	17	19	25	33
309	04/11/2020	4	15	29	37	39
308	03/11/2020	5	7	10	15	32
307	02/11/2020	1	2	4	9	12
306	01/11/2020	3	4	18	26	29
305	31/10/2020	11	13	25	33	36
304	30/10/2020	1	7	14	15	21
303	29/10/2020	6	11	16	22	31
302	28/10/2020	10	11	17	29	34
301	27/10/2020	2	10	13	23	37
300	26/10/2020	9	10	23	34	39
299	25/10/2020	5	12	22	23	36
298	24/10/2020	4	9	10	20	38
297	23/10/2020	14	21	22	24	33
296	22/10/2020	10	15	34	39	40
295	21/10/2020	11	13	22	38	39
294	20/10/2020	3	7	30	34	38
293	19/10/2020	4	14	32	34	39
292	18/10/2020	14	16	25	32	36
291	17/10/2020	5	30	31	34	40
290	16/10/2020	2	7	23	26	38
289	15/10/2020	2	3	10	12	20
288	14/10/2020	3	11	17	30	33
287	13/10/2020	10	11	18	21	23
286	12/10/2020	5	20	24	30	32
285	11/10/2020	12	18	28	30	31
284	10/10/2020	5	31	32	35	40
283	09/10/2020	3	4	19	23	34
282	08/10/2020	6	14	25	26	34
281	07/10/2020	1	2	20	29	40
280	06/10/2020	6	12	18	21	37
279	05/10/2020	2	8	13	22	37
278	04/10/2020	2	10	16	17	24
277	03/10/2020	6	9	13	26	32
276	02/10/2020	3	4	21	22	24
275	01/10/2020	15	21	27	33	34
274	30/09/2020	3	8	11	13	22
273	29/09/2020	24	28	29	34	38
272	28/09/2020	7	10	15	16	23
271	27/09/2020	3	7	24	29	40
270	26/09/2020	11	17	22	25	29
269	25/09/2020	14	29	30	33	36
268	24/09/2020	1	3	17	26	36
267	23/09/2020	2	25	27	28	40
266	22/09/2020	3	8	11	19	26
265	21/09/2020	11	15	30	31	34
264	20/09/2020	20	21	31	35	38
263	19/09/2020	4	17	23	29	37
262	18/09/2020	6	18	24	30	39
261	17/09/2020	6	15	19	32	38
260	16/09/2020	2	14	17	18	25
259	15/09/2020	1	17	21	27	29
258	14/09/2020	4	7	8	9	16
257	13/09/2020	12	18	21	23	32
256	12/09/2020	9	17	26	36	38
255	11/09/2020	8	10	11	18	39
254	10/09/2020	16	17	18	28	35
253	09/09/2020	17	22	29	33	38
252	08/09/2020	12	19	27	34	40
251	07/09/2020	1	4	8	10	14
250	06/09/2020	6	26	31	36	37
249	05/09/2020	7	15	17	32	37
248	04/09/2020	13	16	17	22	38
247	03/09/2020	1	4	9	26	29
246	02/09/2020	6	16	17	26	37
245	01/09/2020	1	19	21	23	24
244	31/08/2020	7	12	27	39	40
243	30/08/2020	2	26	28	33	36
242	29/08/2020	2	25	29	32	38
241	28/08/2020	18	21	31	37	39
240	27/08/2020	7	9	27	31	33
239	26/08/2020	2	8	12	20	28
238	25/08/2020	5	14	21	27	31
237	24/08/2020	6	12	16	25	27
236	23/08/2020	1	2	3	33	38
235	22/08/2020	5	6	18	24	31
234	21/08/2020	2	5	13	27	38
233	20/08/2020	12	14	18	25	32
232	19/08/2020	7	16	25	29	36
231	18/08/2020	9	17	29	35	38
230	17/08/2020	2	5	7	14	25
229	16/08/2020	5	8	11	13	23
228	15/08/2020	12	15	17	36	37
227	14/08/2020	6	14	19	30	39
226	13/08/2020	12	14	17	33	38
225	12/08/2020	5	13	22	27	32
224	11/08/2020	8	9	28	37	40
223	10/08/2020	5	9	23	24	29
222	09/08/2020	15	19	24	28	35
221	08/08/2020	1	14	21	24	27
220	07/08/2020	3	5	6	9	22
219	06/08/2020	9	17	22	23	28
218	05/08/2020	2	21	27	31	35
217	04/08/2020	2	23	24	29	31
216	03/08/2020	2	18	25	37	38
215	02/08/2020	3	12	21	31	36
214	01/08/2020	12	25	33	37	40
213	31/07/2020	20	22	24	31	34
212	30/07/2020	16	33	35	36	37
211	29/07/2020	11	16	18	24	38
210	28/07/2020	2	12	18	26	30
209	27/07/2020	9	18	23	29	39
208	26/07/2020	14	26	29	31	38
207	25/07/2020	11	16	26	28	32
206	24/07/2020	7	10	12	22	26
205	23/07/2020	11	14	16	19	30
204	22/07/2020	14	17	22	25	37
203	21/07/2020	3	6	7	11	22
202	20/07/2020	9	13	17	33	39
201	19/07/2020	5	18	29	32	34
200	18/07/2020	1	11	15	19	40
199	17/07/2020	4	14	16	33	34
198	16/07/2020	12	16	24	27	31
197	15/07/2020	1	20	31	37	40
196	14/07/2020	12	13	21	33	36
195	13/07/2020	16	20	25	38	39
194	12/07/2020	2	4	17	25	38
193	11/07/2020	2	7	14	28	39
192	10/07/2020	13	16	24	31	34
191	09/07/2020	1	9	19	25	36
190	08/07/2020	24	25	30	36	38
189	07/07/2020	19	22	25	27	37
188	06/07/2020	11	15	25	26	36
187	05/07/2020	17	20	22	24	32
186	04/07/2020	19	21	22	28	35
185	03/07/2020	4	15	17	25	26
184	02/07/2020	1	16	18	19	25
183	01/07/2020	17	25	26	35	39
182	30/06/2020	1	25	31	33	34
181	29/06/2020	2	9	26	30	37
180	28/06/2020	3	12	18	27	31
179	27/06/2020	1	8	10	18	39
178	26/06/2020	3	14	18	20	40
177	25/06/2020	11	24	25	38	39
176	24/06/2020	7	21	22	37	38
175	23/06/2020	3	19	20	32	36
174	22/06/2020	2	11	23	35	36
173	21/06/2020	5	13	19	20	37
172	20/06/2020	5	11	19	22	27
171	19/06/2020	5	6	15	37	38
170	18/06/2020	5	8	20	23	29
169	17/06/2020	2	8	14	20	35
168	16/06/2020	9	17	18	22	28
167	15/06/2020	2	9	24	26	35
166	14/06/2020	3	7	10	25	40
165	13/06/2020	1	6	17	32	37
164	12/06/2020	3	19	30	32	40
163	11/06/2020	15	16	20	26	33
162	10/06/2020	5	13	15	21	36
161	09/06/2020	6	11	16	22	25
160	08/06/2020	1	2	8	20	37
159	07/06/2020	9	24	26	29	33
158	06/06/2020	8	11	18	19	31
157	05/06/2020	12	19	25	30	38
156	04/06/2020	2	5	7	13	29
155	03/06/2020	3	13	15	24	35
154	02/06/2020	2	12	18	23	33
153	01/06/2020	1	3	16	30	38
152	31/05/2020	9	14	27	29	33
151	30/05/2020	9	11	31	32	37
150	29/05/2020	7	17	19	21	23
149	28/05/2020	1	10	17	24	29
148	27/05/2020	5	9	13	17	24
147	26/05/2020	12	22	31	34	37
146	25/05/2020	5	10	11	15	22
145	24/05/2020	1	2	8	20	30
144	23/05/2020	17	19	21	24	29
143	22/05/2020	2	13	22	25	35
142	21/05/2020	4	10	17	21	35
141	20/05/2020	3	5	24	26	39
140	19/05/2020	17	18	21	25	33
139	18/05/2020	2	5	7	8	9
138	17/05/2020	13	18	25	29	33
137	16/05/2020	2	4	11	19	23
136	15/05/2020	2	6	7	9	20
135	14/05/2020	5	9	18	29	32
134	13/05/2020	5	9	18	19	29
133	12/05/2020	1	7	15	18	36
132	11/05/2020	7	15	24	36	37
131	10/05/2020	16	22	26	28	38
130	09/05/2020	9	25	28	29	33
129	08/05/2020	3	5	14	33	34
128	07/05/2020	3	6	10	12	40
127	06/05/2020	15	18	27	31	33
126	05/05/2020	11	18	22	33	36
125	04/05/2020	10	22	23	38	40
124	03/05/2020	7	18	25	28	32
123	02/05/2020	2	9	24	29	36
122	01/05/2020	3	16	24	28	36
121	30/04/2020	9	10	13	22	38
120	29/04/2020	13	16	20	23	24
119	28/04/2020	4	16	22	25	40
118	27/04/2020	10	24	25	29	30
117	26/04/2020	6	14	24	25	36
116	25/04/2020	1	2	30	39	40
115	24/04/2020	9	13	24	26	27
114	23/04/2020	6	13	22	26	27
113	22/04/2020	5	9	11	30	32
112	21/04/2020	8	27	28	32	33
111	20/04/2020	1	9	13	18	21
110	19/04/2020	3	8	15	17	39
109	18/04/2020	6	12	17	35	37
108	17/04/2020	8	14	18	26	40
107	16/04/2020	1	10	13	26	36
106	15/04/2020	3	14	17	18	31
105	14/04/2020	6	9	12	20	31
104	13/04/2020	1	7	18	27	28
103	12/04/2020	10	14	15	17	31
102	11/04/2020	9	15	23	38	40
101	10/04/2020	12	18	24	29	31
100	09/04/2020	2	15	17	20	33
99	08/04/2020	3	6	18	25	35
98	07/04/2020	10	18	23	28	35
97	06/04/2020	1	10	16	17	38
96	05/04/2020	6	17	29	38	40
95	04/04/2020	2	7	12	14	26
94	03/04/2020	8	19	27	37	38
93	02/04/2020	8	11	29	30	33
92	01/04/2020	1	23	24	35	38
91	31/03/2020	1	10	15	24	28
90	30/03/2020	5	6	8	15	27
89	29/03/2020	1	15	24	29	32
88	28/03/2020	2	18	21	27	28
87	27/03/2020	10	13	14	26	29
86	26/03/2020	3	4	30	32	33
85	25/03/2020	9	10	13	18	27
84	24/03/2020	29	31	34	35	36
83	23/03/2020	1	6	13	34	35
82	22/03/2020	1	7	8	19	40
81	21/03/2020	7	11	12	25	34
80	20/03/2020	6	15	17	27	32
79	19/03/2020	2	4	10	25	26
78	18/03/2020	3	9	13	20	21
77	17/03/2020	6	8	12	16	24
76	16/03/2020	1	11	23	27	32
75	15/03/2020	9	23	27	30	35
74	14/03/2020	14	30	34	37	40
73	13/03/2020	7	9	10	14	35
72	12/03/2020	5	14	19	37	39
71	11/03/2020	2	10	16	19	22
70	10/03/2020	4	25	29	37	39
69	09/03/2020	2	5	32	34	37
68	08/03/2020	1	11	13	16	22
67	07/03/2020	7	12	27	34	38
66	06/03/2020	4	6	14	19	31
65	05/03/2020	4	5	9	15	26
64	04/03/2020	5	23	25	31	33
63	03/03/2020	1	3	12	15	24
62	02/03/2020	8	16	17	32	37
61	01/03/2020	1	3	9	25	26
60	29/02/2020	7	29	34	35	37
59	28/02/2020	2	6	11	12	29
58	27/02/2020	4	6	10	13	19
57	26/02/2020	2	4	8	21	40
56	25/02/2020	6	9	14	18	31
55	24/02/2020	5	8	10	33	36
54	23/02/2020	4	21	23	24	34
53	22/02/2020	16	20	33	36	37
52	21/02/2020	23	27	33	36	40
51	20/02/2020	5	6	12	28	31
50	19/02/2020	2	6	9	15	21
49	18/02/2020	4	22	24	25	38
48	17/02/2020	1	5	8	15	40
47	16/02/2020	11	16	18	20	29
46	15/02/2020	1	27	31	33	40
45	14/02/2020	5	25	30	34	36
44	13/02/2020	8	13	19	27	33
43	12/02/2020	10	12	18	20	33
42	11/02/2020	3	7	10	12	15
41	10/02/2020	2	6	12	34	37
40	09/02/2020	8	12	17	21	32
39	08/02/2020	8	13	18	31	33
38	07/02/2020	1	14	24	29	35
37	06/02/2020	1	3	12	18	20
36	05/02/2020	1	7	8	10	23
35	04/02/2020	9	13	15	17	36
34	03/02/2020	2	10	11	18	25
33	02/02/2020	13	23	24	35	40
32	01/02/2020	14	22	27	30	37
31	31/01/2020	1	20	25	28	33
30	30/01/2020	19	25	32	33	35
29	29/01/2020	5	11	15	20	27
28	28/01/2020	7	9	18	24	36
27	27/01/2020	14	16	18	19	33
26	26/01/2020	6	14	19	27	35
25	25/01/2020	10	11	29	30	40
24	24/01/2020	3	8	13	30	37
23	23/01/2020	18	22	31	37	40
22	22/01/2020	5	25	37	38	40
21	21/01/2020	17	23	27	36	39
20	20/01/2020	13	14	29	35	36
19	19/01/2020	3	7	9	12	25
18	18/01/2020	3	10	21	24	34
17	17/01/2020	6	16	25	29	39
16	16/01/2020	13	14	18	20	29
15	15/01/2020	9	17	25	26	39
14	14/01/2020	3	7	20	21	35
13	13/01/2020	5	16	19	21	29
12	12/01/2020	4	7	24	28	32
11	11/01/2020	4	26	28	37	40
10	10/01/2020	2	3	9	26	37
9	09/01/2020	2	18	27	33	35
8	08/01/2020	3	14	23	34	37
7	07/01/2020	3	7	8	11	16
6	06/01/2020	4	12	18	19	25
5	05/01/2020	4	11	21	25	30
4	04/01/2020	3	25	27	29	40
3	03/01/2020	1	14	17	28	31
2	02/01/2020	1	7	11	32	34
1	01/01/2020	8	10	12	23	24
Archivio estrazioni VinciCasa anno 2019
365	31/12/2019	6	10	11	13	32
364	30/12/2019	2	4	6	9	12
363	29/12/2019	3	11	18	20	37
362	28/12/2019	2	17	18	31	33
361	27/12/2019	6	19	23	30	37
360	26/12/2019	6	8	16	24	30
359	25/12/2019	14	25	27	31	40
358	24/12/2019	14	18	19	24	26
357	23/12/2019	4	8	16	18	27
356	22/12/2019	12	19	21	36	40
355	21/12/2019	11	18	28	31	38
354	20/12/2019	3	29	30	33	34
353	19/12/2019	10	19	27	29	37
352	18/12/2019	2	7	9	27	34
351	17/12/2019	4	15	18	23	35
350	16/12/2019	4	5	25	27	36
349	15/12/2019	11	13	19	26	34
348	14/12/2019	5	10	11	20	29
347	13/12/2019	9	17	24	27	34
346	12/12/2019	5	14	21	25	36
345	11/12/2019	1	10	11	13	18
344	10/12/2019	4	5	6	13	36
343	09/12/2019	17	21	27	29	31
342	08/12/2019	9	12	14	31	34
341	07/12/2019	8	11	17	20	25
340	06/12/2019	3	13	17	36	39
339	05/12/2019	1	4	21	32	40
338	04/12/2019	2	22	26	32	38
337	03/12/2019	9	24	25	37	39
336	02/12/2019	17	18	27	29	30
335	01/12/2019	15	18	25	26	39
334	30/11/2019	6	8	19	27	33
333	29/11/2019	8	10	11	17	38
332	28/11/2019	3	25	27	34	40
331	27/11/2019	10	14	20	32	40
330	26/11/2019	2	4	20	26	32
329	25/11/2019	1	11	19	21	33
328	24/11/2019	9	10	33	39	40
327	23/11/2019	11	21	27	29	30
326	22/11/2019	8	25	27	33	38
325	21/11/2019	7	9	18	28	38
324	20/11/2019	2	4	12	33	34
323	19/11/2019	9	23	32	33	35
322	18/11/2019	1	24	26	33	35
321	17/11/2019	16	21	31	32	39
320	16/11/2019	11	15	23	24	31
319	15/11/2019	1	4	7	19	33
318	14/11/2019	3	12	27	35	38
317	13/11/2019	3	5	12	31	40
316	12/11/2019	8	12	19	28	35
315	11/11/2019	1	10	19	22	39
314	10/11/2019	14	19	27	28	31
313	09/11/2019	13	17	24	27	40
312	08/11/2019	11	18	29	32	33
311	07/11/2019	7	14	21	36	39
310	06/11/2019	9	21	23	24	25
309	05/11/2019	3	7	10	13	33
308	04/11/2019	9	25	26	29	32
307	03/11/2019	3	5	13	24	30
306	02/11/2019	4	12	13	15	33
305	01/11/2019	11	12	30	34	35
304	31/10/2019	9	19	26	32	35
303	30/10/2019	3	6	16	33	35
302	29/10/2019	6	9	17	26	37
301	28/10/2019	3	9	11	25	37
300	27/10/2019	7	9	28	34	35
299	26/10/2019	2	11	12	13	36
298	25/10/2019	22	27	28	33	34
297	24/10/2019	4	5	7	12	34
296	23/10/2019	6	19	24	25	34
295	22/10/2019	2	12	19	30	38
294	21/10/2019	7	15	27	30	37
293	20/10/2019	6	7	21	34	38
292	19/10/2019	17	19	35	37	39
291	18/10/2019	10	16	27	30	33
290	17/10/2019	11	21	26	35	36
289	16/10/2019	7	10	12	25	26
288	15/10/2019	12	13	30	32	35
287	14/10/2019	13	14	15	25	31
286	13/10/2019	4	14	17	28	39
285	12/10/2019	3	10	11	25	34
284	11/10/2019	3	10	26	32	35
283	10/10/2019	6	8	12	25	34
282	09/10/2019	1	3	25	30	36
281	08/10/2019	1	16	25	28	30
280	07/10/2019	9	15	24	29	39
279	06/10/2019	2	3	7	23	27
278	05/10/2019	1	5	28	29	30
277	04/10/2019	2	5	13	20	35
276	03/10/2019	5	7	11	12	29
275	02/10/2019	2	5	14	23	29
274	01/10/2019	15	20	22	30	40
273	30/09/2019	1	4	9	17	20
272	29/09/2019	2	5	21	24	29
271	28/09/2019	7	15	23	26	37
270	27/09/2019	8	11	12	16	29
269	26/09/2019	9	22	28	31	33
268	25/09/2019	2	10	18	20	40
267	24/09/2019	12	15	17	31	32
266	23/09/2019	14	19	38	39	40
265	22/09/2019	1	12	29	31	33
264	21/09/2019	8	12	13	25	30
263	20/09/2019	1	2	6	36	38
262	19/09/2019	8	9	12	17	31
261	18/09/2019	2	4	7	16	35
260	17/09/2019	5	7	9	17	34
259	16/09/2019	2	17	19	34	35
258	15/09/2019	4	15	17	35	37
257	14/09/2019	10	17	18	19	36
256	13/09/2019	1	8	18	22	26
255	12/09/2019	17	26	27	32	34
254	11/09/2019	4	12	16	18	24
253	10/09/2019	19	24	27	29	32
252	09/09/2019	1	12	19	29	30
251	08/09/2019	4	15	20	35	36
250	07/09/2019	6	16	21	28	33
249	06/09/2019	9	12	15	24	35
248	05/09/2019	4	10	24	25	35
247	04/09/2019	7	12	16	24	31
246	03/09/2019	13	20	24	36	37
245	02/09/2019	5	18	19	38	39
244	01/09/2019	12	22	24	31	37
243	31/08/2019	11	15	22	33	38
242	30/08/2019	12	23	28	30	34
241	29/08/2019	2	9	23	25	40
240	28/08/2019	13	23	26	30	34
239	27/08/2019	2	11	22	28	36
238	26/08/2019	2	20	22	27	40
237	25/08/2019	15	20	28	30	32
236	24/08/2019	4	6	7	21	31
235	23/08/2019	1	27	30	32	35
234	22/08/2019	8	10	35	37	39
233	21/08/2019	8	18	24	27	40
232	20/08/2019	5	14	22	29	39
231	19/08/2019	25	27	31	37	39
230	18/08/2019	9	21	28	31	32
229	17/08/2019	2	8	16	28	33
228	16/08/2019	6	22	25	31	39
227	15/08/2019	3	16	25	26	31
226	14/08/2019	6	11	28	30	38
225	13/08/2019	2	27	34	35	39
224	12/08/2019	4	13	25	30	40
223	11/08/2019	11	23	31	34	36
222	10/08/2019	13	17	20	28	36
221	09/08/2019	2	9	14	32	34
220	08/08/2019	8	25	29	35	38
219	07/08/2019	1	8	14	31	39
218	06/08/2019	14	16	25	29	40
217	05/08/2019	8	15	18	20	38
216	04/08/2019	4	5	6	7	19
215	03/08/2019	1	11	27	30	31
214	02/08/2019	2	7	9	30	38
213	01/08/2019	6	19	24	25	33
212	31/07/2019	2	6	23	26	36
211	30/07/2019	7	23	28	33	37
210	29/07/2019	4	10	23	27	36
209	28/07/2019	2	5	20	23	29
208	27/07/2019	4	26	29	30	34
207	26/07/2019	3	7	16	27	39
206	25/07/2019	11	16	18	33	36
205	24/07/2019	6	7	11	23	40
204	23/07/2019	17	18	21	35	40
203	22/07/2019	12	16	30	33	35
202	21/07/2019	6	10	17	22	23
201	20/07/2019	7	23	24	27	28
200	19/07/2019	8	9	17	35	39
199	18/07/2019	1	4	15	20	35
198	17/07/2019	15	16	25	34	39
197	16/07/2019	2	16	19	30	38
196	15/07/2019	2	22	26	33	40
195	14/07/2019	21	24	25	28	36
194	13/07/2019	1	13	21	30	37
193	12/07/2019	3	7	22	34	39
192	11/07/2019	2	10	20	22	35
191	10/07/2019	2	4	15	17	35
190	09/07/2019	4	5	9	11	39
189	08/07/2019	1	5	27	28	36
188	07/07/2019	4	14	15	16	30
187	06/07/2019	11	12	21	27	31
186	05/07/2019	9	23	31	37	38
185	04/07/2019	10	16	23	24	36
184	03/07/2019	4	7	11	17	28
183	02/07/2019	3	10	14	15	24
182	01/07/2019	1	13	18	32	37
181	30/06/2019	1	2	17	24	28
180	29/06/2019	6	22	24	34	39
179	28/06/2019	5	17	18	19	37
178	27/06/2019	4	16	19	20	35
177	26/06/2019	5	9	10	14	40
176	25/06/2019	5	8	18	22	38
175	24/06/2019	7	10	18	34	39
174	23/06/2019	13	18	21	25	31
173	22/06/2019	1	13	27	30	35
172	21/06/2019	6	7	16	23	31
171	20/06/2019	21	23	24	33	37
170	19/06/2019	2	9	31	32	40
169	18/06/2019	14	29	30	35	36
168	17/06/2019	5	10	20	21	36
167	16/06/2019	1	7	8	17	18
166	15/06/2019	12	13	18	24	38
165	14/06/2019	6	12	18	26	40
164	13/06/2019	20	21	25	33	39
163	12/06/2019	2	22	27	32	39
162	11/06/2019	5	11	29	32	37
161	10/06/2019	3	5	8	9	30
160	09/06/2019	11	26	30	34	38
159	08/06/2019	3	18	20	26	28
158	07/06/2019	27	29	35	36	39
157	06/06/2019	15	22	24	28	40
156	05/06/2019	5	9	11	28	38
155	04/06/2019	1	4	5	21	37
154	03/06/2019	7	8	34	35	38
153	02/06/2019	6	11	17	34	39
152	01/06/2019	8	20	33	36	39
151	31/05/2019	3	8	11	33	39
150	30/05/2019	5	7	23	31	39
149	29/05/2019	11	15	20	38	40
148	28/05/2019	9	10	14	20	40
147	27/05/2019	4	6	29	38	39
146	26/05/2019	3	13	19	30	40
145	25/05/2019	4	6	21	28	33
144	24/05/2019	2	5	6	8	27
143	23/05/2019	11	12	21	33	37
142	22/05/2019	6	13	28	32	36
141	21/05/2019	4	5	7	20	30
140	20/05/2019	3	5	6	21	31
139	19/05/2019	2	26	29	31	37
138	18/05/2019	12	16	22	25	31
137	17/05/2019	7	14	15	21	25
136	16/05/2019	3	6	21	24	27
135	15/05/2019	4	26	27	28	29
134	14/05/2019	8	17	28	34	40
133	13/05/2019	13	18	23	28	34
132	12/05/2019	1	7	33	34	37
131	11/05/2019	3	8	21	23	40
130	10/05/2019	3	5	11	15	29
129	09/05/2019	9	15	28	35	38
128	08/05/2019	5	6	11	29	34
127	07/05/2019	1	7	22	34	35
126	06/05/2019	4	8	13	25	27
125	05/05/2019	1	11	13	22	28
124	04/05/2019	11	19	29	31	37
123	03/05/2019	9	10	11	14	18
122	02/05/2019	2	21	23	24	25
121	01/05/2019	2	6	13	33	38
120	30/04/2019	4	8	18	24	25
119	29/04/2019	3	5	9	20	37
118	28/04/2019	9	14	18	29	34
117	27/04/2019	7	9	24	32	38
116	26/04/2019	5	11	15	22	29
115	25/04/2019	4	6	10	15	36
114	24/04/2019	9	13	17	19	36
113	23/04/2019	2	8	10	23	32
112	22/04/2019	1	3	15	35	40
111	21/04/2019	3	10	16	37	40
110	20/04/2019	1	3	16	27	33
109	19/04/2019	11	17	25	29	32
108	18/04/2019	2	23	27	30	40
107	17/04/2019	4	16	28	32	40
106	16/04/2019	9	13	19	34	35
105	15/04/2019	5	20	34	35	37
104	14/04/2019	9	17	21	32	35
103	13/04/2019	7	9	16	19	30
102	12/04/2019	4	15	17	25	39
101	11/04/2019	3	8	12	18	19
100	10/04/2019	9	12	13	28	32
99	09/04/2019	2	20	22	28	40
98	08/04/2019	3	11	12	35	39
97	07/04/2019	6	22	29	39	40
96	06/04/2019	11	21	23	29	30
95	05/04/2019	6	8	23	29	40
94	04/04/2019	13	16	17	25	33
93	03/04/2019	3	8	21	37	39
92	02/04/2019	13	17	20	30	38
91	01/04/2019	16	19	24	29	31
90	31/03/2019	7	16	24	37	39
89	30/03/2019	6	11	13	17	30
88	29/03/2019	8	9	10	18	27
87	28/03/2019	11	13	14	26	34
86	27/03/2019	9	15	16	26	34
85	26/03/2019	1	2	11	16	35
84	25/03/2019	9	22	30	38	39
83	24/03/2019	6	11	12	15	18
82	23/03/2019	7	12	16	17	30
81	22/03/2019	4	6	13	15	37
80	21/03/2019	3	7	21	26	29
79	20/03/2019	6	23	29	38	40
78	19/03/2019	8	9	12	18	40
77	18/03/2019	21	27	28	31	34
76	17/03/2019	4	5	13	29	33
75	16/03/2019	3	7	11	13	16
74	15/03/2019	2	5	6	9	37
73	14/03/2019	11	18	23	24	31
72	13/03/2019	1	5	17	26	37
71	12/03/2019	5	13	15	28	29
70	11/03/2019	20	24	28	32	37
69	10/03/2019	21	23	27	29	39
68	09/03/2019	3	12	15	23	35
67	08/03/2019	10	12	31	39	40
66	07/03/2019	2	4	13	17	22
65	06/03/2019	6	10	13	37	38
64	05/03/2019	2	3	19	22	30
63	04/03/2019	12	17	19	20	36
62	03/03/2019	3	15	27	29	39
61	02/03/2019	5	24	31	34	35
60	01/03/2019	3	6	14	23	25
59	28/02/2019	14	22	27	31	34
58	27/02/2019	5	7	8	14	20
57	26/02/2019	3	17	20	22	24
56	25/02/2019	17	22	31	33	37
55	24/02/2019	6	10	11	28	32
54	23/02/2019	2	8	24	28	32
53	22/02/2019	7	8	20	26	39
52	21/02/2019	2	3	10	19	24
51	20/02/2019	4	8	10	11	19
50	19/02/2019	11	16	18	19	23
49	18/02/2019	5	6	12	29	40
48	17/02/2019	12	21	32	33	35
47	16/02/2019	8	14	27	36	37
46	15/02/2019	6	22	34	35	37
45	14/02/2019	6	9	15	17	24
44	13/02/2019	12	15	22	25	31
43	12/02/2019	1	16	17	20	30
42	11/02/2019	8	17	21	37	39
41	10/02/2019	14	29	32	33	37
40	09/02/2019	8	15	18	33	37
39	08/02/2019	7	13	23	28	29
38	07/02/2019	2	24	28	31	37
37	06/02/2019	13	23	24	28	36
36	05/02/2019	4	8	10	23	40
35	04/02/2019	7	13	27	29	36
34	03/02/2019	2	8	29	35	40
33	02/02/2019	1	3	24	26	28
32	01/02/2019	1	3	5	14	29
31	31/01/2019	15	27	28	31	34
30	30/01/2019	7	23	28	31	37
29	29/01/2019	4	7	32	36	38
28	28/01/2019	3	19	26	32	34
27	27/01/2019	5	16	31	34	38
26	26/01/2019	17	18	28	33	34
25	25/01/2019	1	14	23	30	32
24	24/01/2019	10	12	13	14	34
23	23/01/2019	1	18	27	32	40
22	22/01/2019	6	8	14	16	31
21	21/01/2019	6	22	29	37	40
20	20/01/2019	1	3	5	9	13
19	19/01/2019	12	13	17	26	30
18	18/01/2019	8	24	27	35	40
17	17/01/2019	1	3	10	24	40
16	16/01/2019	1	14	17	23	40
15	15/01/2019	6	12	19	26	27
14	14/01/2019	11	12	18	29	30
13	13/01/2019	7	8	11	29	40
12	12/01/2019	6	12	14	35	37
11	11/01/2019	8	9	16	24	26
10	10/01/2019	15	21	27	30	36
9	09/01/2019	1	8	15	17	27
8	08/01/2019	9	10	20	25	30
7	07/01/2019	1	3	17	19	26
6	06/01/2019	11	16	21	24	31
5	05/01/2019	15	16	19	25	40
4	04/01/2019	3	4	10	18	40
3	03/01/2019	10	22	29	35	38
2	02/01/2019	1	6	21	30	37
1	01/01/2019	5	6	14	20	31
Archivio estrazioni VinciCasa anno 2018
365	31/12/2018	4	5	14	16	39
364	30/12/2018	5	10	17	22	33
363	29/12/2018	4	11	13	18	37
362	28/12/2018	3	15	20	35	40
361	27/12/2018	2	15	22	25	28
360	26/12/2018	1	3	10	27	34
359	25/12/2018	5	24	28	32	34
358	24/12/2018	3	6	26	29	39
357	23/12/2018	8	11	14	25	31
356	22/12/2018	2	6	17	20	34
355	21/12/2018	13	14	15	26	38
354	20/12/2018	4	18	19	28	34
353	19/12/2018	3	4	16	21	28
352	18/12/2018	2	14	15	29	39
351	17/12/2018	1	14	16	36	37
350	16/12/2018	10	11	17	24	27
349	15/12/2018	4	6	11	26	27
348	14/12/2018	5	11	14	23	33
347	13/12/2018	4	8	24	25	36
346	12/12/2018	24	32	34	35	37
345	11/12/2018	2	13	15	20	25
344	10/12/2018	10	15	16	25	38
343	09/12/2018	1	4	15	30	34
342	08/12/2018	1	4	6	17	27
341	07/12/2018	1	14	21	24	36
340	06/12/2018	1	14	18	19	27
339	05/12/2018	2	12	17	34	37
338	04/12/2018	15	17	29	31	32
337	03/12/2018	7	13	27	28	34
336	02/12/2018	6	21	27	28	35
335	01/12/2018	7	9	15	20	40
334	30/11/2018	1	5	10	11	22
333	29/11/2018	20	21	27	37	38
332	28/11/2018	1	5	11	16	25
331	27/11/2018	5	17	19	20	33
330	26/11/2018	12	18	22	25	29
329	25/11/2018	1	10	13	16	26
328	24/11/2018	3	15	19	30	38
327	23/11/2018	13	16	18	26	39
326	22/11/2018	2	4	20	22	33
325	21/11/2018	6	9	12	18	24
324	20/11/2018	6	15	23	36	37
323	19/11/2018	4	5	16	30	35
322	18/11/2018	11	17	30	34	37
321	17/11/2018	7	8	23	38	39
320	16/11/2018	5	6	17	24	25
319	15/11/2018	4	12	14	18	26
318	14/11/2018	2	4	33	36	39
317	13/11/2018	2	18	30	32	37
316	12/11/2018	10	12	26	29	35
315	11/11/2018	8	14	22	32	36
314	10/11/2018	6	9	10	11	26
313	09/11/2018	9	10	13	18	36
312	08/11/2018	13	14	24	25	31
311	07/11/2018	4	12	18	24	31
310	06/11/2018	2	3	20	30	38
309	05/11/2018	5	9	12	16	35
308	04/11/2018	16	27	30	33	35
307	03/11/2018	16	23	29	30	36
306	02/11/2018	18	21	32	33	39
305	01/11/2018	10	17	23	28	32
304	31/10/2018	10	11	13	35	40
303	30/10/2018	5	13	17	22	28
302	29/10/2018	12	15	33	34	37
301	28/10/2018	6	9	18	32	33
300	27/10/2018	1	9	13	20	26
299	26/10/2018	4	13	21	25	35
298	25/10/2018	3	4	23	26	29
297	24/10/2018	6	14	24	27	34
296	23/10/2018	9	21	24	29	37
295	22/10/2018	17	23	26	28	39
294	21/10/2018	3	15	26	29	31
293	20/10/2018	6	10	11	17	35
292	19/10/2018	2	3	13	16	28
291	18/10/2018	5	6	14	25	35
290	17/10/2018	1	5	16	18	37
289	16/10/2018	4	8	16	30	39
288	15/10/2018	2	11	13	24	32
287	14/10/2018	10	17	23	33	35
286	13/10/2018	4	6	11	18	36
285	12/10/2018	1	6	13	16	21
284	11/10/2018	8	15	16	25	31
283	10/10/2018	1	27	28	33	40
282	09/10/2018	1	4	26	27	30
281	08/10/2018	12	15	21	28	33
280	07/10/2018	2	11	22	30	35
279	06/10/2018	1	5	9	32	37
278	05/10/2018	11	20	32	34	35
277	04/10/2018	2	8	22	34	37
276	03/10/2018	7	9	20	22	32
275	02/10/2018	5	6	7	16	18
274	01/10/2018	2	5	29	36	37
273	30/09/2018	5	6	19	31	36
272	29/09/2018	19	30	32	34	39
271	28/09/2018	4	15	22	28	40
270	27/09/2018	8	29	30	33	36
269	26/09/2018	3	7	12	22	35
268	25/09/2018	22	26	30	34	39
267	24/09/2018	2	8	20	26	31
266	23/09/2018	4	14	19	25	28
265	22/09/2018	12	16	22	34	37
264	21/09/2018	16	17	21	29	36
263	20/09/2018	9	15	24	25	33
262	19/09/2018	16	17	24	27	32
261	18/09/2018	5	16	17	21	36
260	17/09/2018	1	9	10	27	38
259	16/09/2018	8	9	10	36	37
258	15/09/2018	6	16	32	38	40
257	14/09/2018	16	20	23	27	28
256	13/09/2018	5	15	21	29	33
255	12/09/2018	9	16	28	39	40
254	11/09/2018	2	22	24	31	37
253	10/09/2018	6	12	18	27	36
252	09/09/2018	18	28	31	38	40
251	08/09/2018	17	19	20	27	28
250	07/09/2018	3	9	24	29	33
249	06/09/2018	1	7	19	24	38
248	05/09/2018	1	4	5	23	37
247	04/09/2018	1	12	15	18	28
246	03/09/2018	3	8	24	36	39
245	02/09/2018	12	19	20	30	33
244	01/09/2018	7	16	20	24	26
243	31/08/2018	4	11	14	17	32
242	30/08/2018	14	22	31	39	40
241	29/08/2018	18	19	23	24	32
240	28/08/2018	14	24	26	31	32
239	27/08/2018	3	11	20	25	34
238	26/08/2018	4	9	21	24	39
237	25/08/2018	5	11	18	27	39
236	24/08/2018	9	13	19	29	34
235	23/08/2018	9	16	19	23	40
234	22/08/2018	2	3	4	29	33
233	21/08/2018	14	24	30	31	36
232	20/08/2018	17	18	20	31	36
231	19/08/2018	4	6	16	25	36
230	18/08/2018	2	12	18	30	39
229	17/08/2018	5	10	11	15	28
228	16/08/2018	4	5	15	30	32
227	15/08/2018	11	13	18	23	36
226	14/08/2018	5	7	9	10	19
225	13/08/2018	7	9	10	14	38
224	12/08/2018	12	26	28	33	40
223	11/08/2018	2	4	25	30	33
222	10/08/2018	12	15	30	31	32
221	09/08/2018	16	33	35	37	40
220	08/08/2018	5	12	14	19	33
219	07/08/2018	5	12	27	31	38
218	06/08/2018	8	9	13	26	37
217	05/08/2018	12	14	15	20	39
216	04/08/2018	10	13	16	31	33
215	03/08/2018	7	15	22	30	36
214	02/08/2018	18	26	30	31	38
213	01/08/2018	3	10	16	25	32
212	31/07/2018	4	14	17	22	32
211	30/07/2018	17	26	32	36	40
210	29/07/2018	18	21	27	29	38
209	28/07/2018	9	13	25	29	38
208	27/07/2018	2	8	22	27	28
207	26/07/2018	2	5	10	25	38
206	25/07/2018	3	8	12	22	33
205	24/07/2018	10	22	28	29	39
204	23/07/2018	1	14	15	31	36
203	22/07/2018	3	4	7	17	39
202	21/07/2018	3	4	5	16	31
201	20/07/2018	1	4	12	17	35
200	19/07/2018	1	3	10	34	38
199	18/07/2018	4	17	18	32	37
198	17/07/2018	1	4	20	25	33
197	16/07/2018	10	13	15	27	39
196	15/07/2018	14	19	23	34	35
195	14/07/2018	6	8	15	16	19
194	13/07/2018	3	17	20	27	40
193	12/07/2018	2	4	6	8	23
192	11/07/2018	6	15	17	33	37
191	10/07/2018	4	6	16	25	27
190	09/07/2018	7	23	26	33	36
189	08/07/2018	14	31	34	36	40
188	07/07/2018	2	4	10	13	21
187	06/07/2018	5	11	12	19	21
186	05/07/2018	11	12	14	37	39
185	04/07/2018	18	19	21	26	35
184	03/07/2018	5	6	16	23	37
183	02/07/2018	2	4	14	28	35
182	01/07/2018	11	20	29	32	33
181	30/06/2018	2	5	19	25	27
180	29/06/2018	5	11	14	25	34
179	28/06/2018	8	19	21	23	31
178	27/06/2018	10	15	24	39	40
177	26/06/2018	19	26	29	32	34
176	25/06/2018	4	19	29	31	34
175	24/06/2018	3	5	8	20	27
174	23/06/2018	1	3	10	18	36
173	22/06/2018	2	10	18	21	25
172	21/06/2018	17	25	28	29	31
171	20/06/2018	16	19	20	21	27
170	19/06/2018	16	21	28	37	40
169	18/06/2018	3	11	20	26	35
168	17/06/2018	14	21	28	33	35
167	16/06/2018	1	26	27	35	37
166	15/06/2018	2	3	31	34	38
165	14/06/2018	4	8	19	23	24
164	13/06/2018	3	25	27	34	38
163	12/06/2018	12	20	21	31	40
162	11/06/2018	1	20	22	33	39
161	10/06/2018	5	14	19	37	38
160	09/06/2018	5	7	20	21	24
159	08/06/2018	1	9	15	22	30
158	07/06/2018	9	11	14	17	23
157	06/06/2018	23	24	26	34	35
156	05/06/2018	7	8	13	14	31
155	04/06/2018	3	5	28	36	38
154	03/06/2018	3	4	5	35	40
153	02/06/2018	10	13	15	36	39
152	01/06/2018	8	12	14	23	25
151	31/05/2018	1	13	22	35	40
150	30/05/2018	7	8	23	27	33
149	29/05/2018	4	6	9	10	14
148	28/05/2018	19	26	27	31	39
147	27/05/2018	2	3	25	30	40
146	26/05/2018	8	13	24	25	39
145	25/05/2018	1	23	26	35	37
144	24/05/2018	9	15	30	35	40
143	23/05/2018	4	14	37	39	40
142	22/05/2018	2	7	17	20	28
141	21/05/2018	19	23	32	36	40
140	20/05/2018	2	7	8	27	35
139	19/05/2018	3	10	14	19	36
138	18/05/2018	9	12	16	27	28
137	17/05/2018	7	9	12	13	40
136	16/05/2018	8	15	34	36	37
135	15/05/2018	3	14	17	19	38
134	14/05/2018	11	31	35	37	38
133	13/05/2018	4	27	29	36	39
132	12/05/2018	4	19	30	34	39
131	11/05/2018	1	5	14	33	40
130	10/05/2018	10	12	17	22	26
129	09/05/2018	9	11	17	22	28
128	08/05/2018	12	22	29	35	36
127	07/05/2018	4	6	9	26	29
126	06/05/2018	5	18	21	22	40
125	05/05/2018	1	2	10	31	34
124	04/05/2018	9	21	28	31	37
123	03/05/2018	2	9	10	36	37
122	02/05/2018	4	5	21	28	32
121	01/05/2018	8	18	23	31	35
120	30/04/2018	5	9	24	28	31
119	29/04/2018	12	23	24	30	35
118	28/04/2018	15	29	34	36	37
117	27/04/2018	13	15	16	27	40
116	26/04/2018	7	8	14	17	35
115	25/04/2018	7	10	15	18	40
114	24/04/2018	1	3	17	20	34
113	23/04/2018	2	8	13	19	24
112	22/04/2018	3	26	33	35	37
111	21/04/2018	2	16	28	36	37
110	20/04/2018	10	21	24	35	37
109	19/04/2018	1	10	18	27	31
108	18/04/2018	3	10	11	23	36
107	17/04/2018	23	24	27	36	38
106	16/04/2018	3	12	18	27	40
105	15/04/2018	4	8	23	35	39
104	14/04/2018	1	5	14	15	23
103	13/04/2018	8	9	13	16	23
102	12/04/2018	2	15	17	22	24
101	11/04/2018	8	12	20	23	32
100	10/04/2018	7	9	10	20	29
99	09/04/2018	3	9	14	26	27
98	08/04/2018	1	4	6	23	32
97	07/04/2018	4	14	18	19	21
96	06/04/2018	6	18	21	22	31
95	05/04/2018	7	10	13	25	28
94	04/04/2018	9	11	17	32	37
93	03/04/2018	9	15	21	23	24
92	02/04/2018	6	8	19	23	26
91	01/04/2018	1	13	15	23	35
90	31/03/2018	6	13	15	20	38
89	30/03/2018	9	15	32	39	40
88	29/03/2018	20	29	31	34	39
87	28/03/2018	3	17	24	27	29
86	27/03/2018	7	11	12	19	20
85	26/03/2018	9	17	18	25	29
84	25/03/2018	3	4	8	31	33
83	24/03/2018	13	16	21	24	31
82	23/03/2018	4	6	8	18	38
81	22/03/2018	11	12	18	19	37
80	21/03/2018	6	13	21	34	40
79	20/03/2018	10	19	23	26	39
78	19/03/2018	7	19	20	27	30
77	18/03/2018	17	23	36	38	39
76	17/03/2018	5	12	24	25	33
75	16/03/2018	6	9	24	35	37
74	15/03/2018	3	26	28	34	39
73	14/03/2018	2	4	21	22	23
72	13/03/2018	11	14	17	30	37
71	12/03/2018	11	15	16	27	40
70	11/03/2018	8	17	20	28	40
69	10/03/2018	11	28	34	36	40
68	09/03/2018	5	11	16	28	30
67	08/03/2018	9	29	32	37	40
66	07/03/2018	3	10	16	21	25
65	06/03/2018	13	20	24	25	27
64	05/03/2018	14	16	19	25	40
63	04/03/2018	1	11	14	19	28
62	03/03/2018	3	7	18	23	27
61	02/03/2018	6	7	13	14	15
60	01/03/2018	6	9	17	31	40
59	28/02/2018	1	2	5	37	40
58	27/02/2018	16	26	29	36	37
57	26/02/2018	6	23	26	35	40
56	25/02/2018	19	25	32	35	39
55	24/02/2018	4	6	26	27	38
54	23/02/2018	10	13	15	21	26
53	22/02/2018	10	15	30	36	38
52	21/02/2018	4	5	12	20	31
51	20/02/2018	3	9	15	37	40
50	19/02/2018	13	16	20	23	40
49	18/02/2018	1	10	24	29	38
48	17/02/2018	18	24	31	32	38
47	16/02/2018	8	23	34	38	39
46	15/02/2018	11	15	19	27	32
45	14/02/2018	2	6	15	20	27
44	13/02/2018	2	15	20	28	31
43	12/02/2018	8	10	16	21	36
42	11/02/2018	6	21	23	24	28
41	10/02/2018	5	6	8	17	29
40	09/02/2018	2	5	14	21	25
39	08/02/2018	6	25	30	36	38
38	07/02/2018	15	23	26	28	38
37	06/02/2018	14	17	33	35	40
36	05/02/2018	15	19	23	32	34
35	04/02/2018	22	24	25	34	35
34	03/02/2018	2	3	9	11	27
33	02/02/2018	2	13	32	38	39
32	01/02/2018	2	4	10	11	21
31	31/01/2018	1	3	7	32	37
30	30/01/2018	10	16	19	32	33
29	29/01/2018	10	22	27	31	33
28	28/01/2018	10	21	26	27	38
27	27/01/2018	17	22	23	29	30
26	26/01/2018	4	10	12	21	36
25	25/01/2018	3	14	16	25	34
24	24/01/2018	2	3	6	28	38
23	23/01/2018	2	18	22	25	27
22	22/01/2018	13	25	27	31	39
21	21/01/2018	1	15	21	28	37
20	20/01/2018	5	15	19	21	36
19	19/01/2018	5	14	15	26	36
18	18/01/2018	6	11	13	20	29
17	17/01/2018	4	13	16	21	33
16	16/01/2018	2	25	28	32	36
15	15/01/2018	3	4	11	15	23
14	14/01/2018	2	7	10	15	40
13	13/01/2018	7	14	23	28	40
12	12/01/2018	1	10	12	14	16
11	11/01/2018	3	9	24	33	38
10	10/01/2018	14	19	20	30	34
9	09/01/2018	26	31	32	34	39
8	08/01/2018	1	21	27	36	39
7	07/01/2018	4	12	15	33	36
6	06/01/2018	4	15	25	31	34
5	05/01/2018	1	19	28	36	39
4	04/01/2018	10	20	22	30	40
3	03/01/2018	10	20	30	34	37
2	02/01/2018	4	22	26	27	31
1	01/01/2018	7	11	24	27	38
Archivio estrazioni VinciCasa anno 2017
196	31/12/2017	3	16	25	34	35
195	30/12/2017	11	21	27	30	36
194	29/12/2017	1	2	9	14	16
193	28/12/2017	4	7	25	27	31
192	27/12/2017	10	15	16	17	26
191	26/12/2017	19	21	22	30	31
190	25/12/2017	8	11	13	24	26
189	24/12/2017	4	7	19	22	23
188	23/12/2017	9	12	14	28	38
187	22/12/2017	7	8	22	24	36
186	21/12/2017	3	7	8	26	36
185	20/12/2017	6	7	16	26	28
184	19/12/2017	4	18	21	37	40
183	18/12/2017	15	18	24	26	29
182	17/12/2017	4	19	26	32	38
181	16/12/2017	17	25	28	31	37
180	15/12/2017	7	9	15	22	32
179	14/12/2017	4	5	17	19	24
178	13/12/2017	8	26	28	31	35
177	12/12/2017	11	26	27	35	40
176	11/12/2017	6	21	23	29	31
175	10/12/2017	1	2	5	18	32
174	09/12/2017	7	8	12	30	38
173	08/12/2017	11	18	20	27	35
172	07/12/2017	7	14	30	37	40
171	06/12/2017	2	4	13	24	27
170	05/12/2017	2	3	24	28	38
169	04/12/2017	10	13	14	25	30
168	03/12/2017	9	26	28	37	38
167	02/12/2017	1	10	17	33	39
166	01/12/2017	5	16	22	24	34
165	30/11/2017	1	2	3	14	33
164	29/11/2017	4	14	15	38	39
163	28/11/2017	6	7	13	15	36
162	27/11/2017	7	21	22	35	37
161	26/11/2017	14	21	24	28	35
160	25/11/2017	3	13	15	20	30
159	24/11/2017	25	32	35	36	39
158	23/11/2017	4	9	28	31	40
157	22/11/2017	8	16	21	26	34
156	21/11/2017	5	8	13	29	31
155	20/11/2017	7	8	13	15	26
154	19/11/2017	8	9	27	35	36
153	18/11/2017	9	10	20	31	36
152	17/11/2017	6	13	22	29	32
151	16/11/2017	9	14	27	34	35
150	15/11/2017	15	21	22	32	36
149	14/11/2017	2	10	34	35	36
148	13/11/2017	4	20	28	35	38
147	12/11/2017	4	5	16	31	40
146	11/11/2017	15	20	21	23	27
145	10/11/2017	17	18	29	39	40
144	09/11/2017	7	13	14	27	36
143	08/11/2017	11	17	20	27	39
142	07/11/2017	1	2	20	26	34
141	06/11/2017	1	6	12	13	40
140	05/11/2017	1	3	10	22	37
139	04/11/2017	9	15	32	39	40
138	03/11/2017	2	13	19	21	35
137	02/11/2017	7	15	20	34	39
136	01/11/2017	3	11	15	18	23
135	31/10/2017	17	25	27	29	32
134	30/10/2017	5	18	29	30	31
133	29/10/2017	2	4	6	17	26
132	28/10/2017	4	33	36	39	40
131	27/10/2017	7	10	12	13	20
130	26/10/2017	9	10	13	15	26
129	25/10/2017	12	21	25	33	38
128	24/10/2017	13	16	19	29	38
127	23/10/2017	13	18	28	35	40
126	22/10/2017	5	7	10	18	28
125	21/10/2017	3	12	22	23	33
124	20/10/2017	5	17	20	29	39
123	19/10/2017	1	8	10	18	36
122	18/10/2017	6	13	14	17	21
121	17/10/2017	1	8	16	22	37
120	16/10/2017	9	16	29	32	37
119	15/10/2017	10	24	27	29	40
118	14/10/2017	1	6	21	24	40
117	13/10/2017	10	17	29	37	39
116	12/10/2017	14	23	28	29	33
115	11/10/2017	1	14	15	31	32
114	10/10/2017	3	8	16	24	36
113	09/10/2017	3	4	17	19	23
112	08/10/2017	6	9	19	34	36
111	07/10/2017	2	4	18	19	29
110	06/10/2017	4	5	28	33	35
109	05/10/2017	6	9	12	22	39
108	04/10/2017	16	18	23	24	38
107	03/10/2017	3	10	25	26	31
106	02/10/2017	7	26	28	36	40
105	01/10/2017	4	25	27	32	35
104	30/09/2017	5	7	13	25	35
103	29/09/2017	9	18	22	23	34
102	28/09/2017	5	11	18	25	37
101	27/09/2017	6	15	23	37	38
100	26/09/2017	8	23	30	35	38
99	25/09/2017	6	11	12	21	24
98	24/09/2017	13	14	16	30	32
97	23/09/2017	11	12	25	34	38
96	22/09/2017	3	6	7	29	39
95	21/09/2017	14	15	25	29	37
94	20/09/2017	5	22	27	32	39
93	19/09/2017	5	27	28	31	39
92	18/09/2017	9	13	32	37	40
91	17/09/2017	7	23	32	34	37
90	16/09/2017	15	18	31	34	35
89	15/09/2017	12	15	16	18	33
88	14/09/2017	7	11	25	26	37
87	13/09/2017	6	15	28	31	34
86	12/09/2017	22	23	28	29	30
85	11/09/2017	7	9	10	22	34
84	10/09/2017	11	14	17	27	40
83	09/09/2017	9	13	31	38	40
82	08/09/2017	12	14	18	19	33
81	07/09/2017	1	5	10	13	39
80	06/09/2017	6	14	22	33	36
79	05/09/2017	3	12	17	26	33
78	04/09/2017	9	26	29	31	32
77	03/09/2017	1	4	7	30	40
76	02/09/2017	9	11	15	21	34
75	01/09/2017	13	15	17	23	24
74	31/08/2017	12	15	19	21	32
73	30/08/2017	2	3	7	11	33
72	29/08/2017	2	13	28	34	39
71	28/08/2017	7	11	23	29	40
70	27/08/2017	8	10	11	15	24
69	26/08/2017	14	19	25	26	34
68	25/08/2017	4	24	29	31	39
67	24/08/2017	1	2	8	9	17
66	23/08/2017	5	8	21	25	31
65	22/08/2017	2	6	10	32	34
64	21/08/2017	8	15	19	26	34
63	20/08/2017	5	9	21	28	37
62	19/08/2017	4	17	25	26	40
61	18/08/2017	18	19	28	29	37
60	17/08/2017	1	2	17	19	37
59	16/08/2017	22	23	25	30	33
58	15/08/2017	2	8	12	37	39
57	14/08/2017	5	16	21	29	40
56	13/08/2017	9	18	19	23	27
55	12/08/2017	9	12	24	27	35
54	11/08/2017	5	11	14	20	38
53	10/08/2017	20	27	33	35	37
52	09/08/2017	6	15	19	31	35
51	08/08/2017	1	2	22	28	34
50	07/08/2017	13	26	28	32	35
49	06/08/2017	11	13	19	25	38
48	05/08/2017	17	26	27	30	36
47	04/08/2017	6	9	10	21	22
46	03/08/2017	9	12	18	27	37
45	02/08/2017	11	17	21	30	40
44	01/08/2017	1	5	8	14	39
43	31/07/2017	1	11	17	19	23
42	30/07/2017	9	14	17	21	32
41	29/07/2017	7	10	17	22	36
40	28/07/2017	4	17	22	27	30
39	27/07/2017	15	29	31	38	40
38	26/07/2017	3	6	27	36	38
37	25/07/2017	21	22	25	32	34
36	24/07/2017	21	29	30	32	40
35	23/07/2017	7	22	26	32	33
34	22/07/2017	22	24	26	31	35
33	21/07/2017	5	14	19	22	40
32	20/07/2017	3	4	14	18	37
31	19/07/2017	3	15	19	26	31
30	18/07/2017	10	12	23	37	39
29	17/07/2017	12	16	20	31	32
28	12/07/2017	3	11	18	23	28
27	05/07/2017	7	22	28	39	40
26	28/06/2017	4	13	23	32	36
25	21/06/2017	3	5	7	16	33
24	14/06/2017	2	3	11	15	23
23	07/06/2017	2	6	33	34	38
22	31/05/2017	3	12	19	34	38
21	24/05/2017	4	13	26	35	39
20	17/05/2017	16	17	30	31	35
19	10/05/2017	11	19	21	26	29
18	03/05/2017	10	14	17	28	39
17	26/04/2017	5	22	26	30	38
16	19/04/2017	6	15	19	20	32
15	12/04/2017	7	11	18	24	30
14	05/04/2017	2	5	8	16	27
13	29/03/2017	9	11	17	26	30
12	22/03/2017	23	26	33	34	38
11	15/03/2017	9	20	21	22	39
10	08/03/2017	3	5	6	20	28
9	01/03/2017	7	13	30	33	39
8	22/02/2017	9	12	15	19	25
7	15/02/2017	12	13	23	35	40
6	08/02/2017	3	7	22	31	36
5	01/02/2017	1	2	7	29	30
4	25/01/2017	1	6	10	14	22
3	18/01/2017	12	15	16	23	38
2	11/01/2017	3	19	24	27	28
1	04/01/2017	2	9	20	28	31
Archivio estrazioni VinciCasa anno 2016
52	28/12/2016	3	4	7	20	36
51	21/12/2016	21	25	26	27	36
50	14/12/2016	12	20	27	32	37
49	07/12/2016	12	14	18	23	36
48	30/11/2016	1	7	26	33	37
47	23/11/2016	1	5	26	31	36
46	16/11/2016	4	21	24	33	39
45	09/11/2016	6	20	29	37	38
44	02/11/2016	5	7	9	12	15
43	26/10/2016	25	27	30	35	36
42	19/10/2016	3	14	26	29	36
41	12/10/2016	25	28	29	34	35
40	05/10/2016	8	20	29	30	36
39	28/09/2016	9	23	26	33	35
38	21/09/2016	1	10	19	33	35
37	14/09/2016	6	8	18	21	25
36	07/09/2016	6	8	23	28	31
35	31/08/2016	4	5	15	22	37
34	24/08/2016	6	13	32	36	40
33	17/08/2016	16	25	28	30	36
32	10/08/2016	17	19	21	31	38
31	03/08/2016	6	12	16	18	39
30	27/07/2016	14	18	19	35	38
29	20/07/2016	12	17	21	25	30
28	13/07/2016	11	16	23	25	36
27	06/07/2016	1	13	27	32	36
26	29/06/2016	19	28	32	35	36
25	22/06/2016	6	15	25	28	33
24	15/06/2016	4	6	18	20	26
23	08/06/2016	7	22	24	31	34
22	01/06/2016	4	21	31	35	37
21	25/05/2016	5	6	13	23	39
20	18/05/2016	4	17	19	25	32
19	11/05/2016	2	11	34	38	40
18	04/05/2016	12	15	26	28	34
17	27/04/2016	1	2	20	28	31
16	20/04/2016	2	8	20	32	37
15	13/04/2016	8	12	13	24	39
14	06/04/2016	12	13	17	23	30
13	30/03/2016	3	25	26	29	31
12	23/03/2016	1	13	25	28	37
11	16/03/2016	3	4	11	22	40
10	09/03/2016	2	4	10	21	33
9	02/03/2016	9	16	25	34	40
8	24/02/2016	4	10	14	22	27
7	17/02/2016	12	20	32	33	35
6	10/02/2016	18	19	22	32	39
5	03/02/2016	9	10	16	17	22
4	27/01/2016	1	22	23	32	34
3	20/01/2016	7	20	24	37	40
2	13/01/2016	16	25	26	34	39
1	06/01/2016	5	6	8	19	28
Archivio estrazioni VinciCasa anno 2015
52	30/12/2015	13	16	18	29	31
51	23/12/2015	10	12	13	21	27
50	16/12/2015	16	30	32	37	39
49	09/12/2015	1	2	7	15	32
48	02/12/2015	8	15	25	32	40
47	25/11/2015	11	17	19	29	30
46	18/11/2015	4	10	15	35	37
45	11/11/2015	2	18	23	36	38
44	04/11/2015	4	7	14	15	28
43	28/10/2015	19	30	35	36	40
42	21/10/2015	13	14	30	32	35
41	14/10/2015	14	17	25	28	40
40	07/10/2015	1	14	31	36	38
39	30/09/2015	14	15	35	37	38
38	23/09/2015	3	9	11	23	32
37	16/09/2015	5	6	15	33	36
36	09/09/2015	1	5	8	11	30
35	02/09/2015	1	7	17	18	38
34	26/08/2015	15	22	32	35	38
33	19/08/2015	1	19	22	31	40
32	12/08/2015	12	18	30	31	32
31	05/08/2015	5	13	14	32	34
30	29/07/2015	14	23	27	30	32
29	22/07/2015	8	9	25	31	33
28	15/07/2015	5	8	24	39	40
27	08/07/2015	12	13	17	35	36
26	01/07/2015	8	15	16	35	40
25	24/06/2015	6	13	22	23	27
24	17/06/2015	6	8	10	11	13
23	10/06/2015	2	8	25	37	40
22	03/06/2015	11	12	17	21	24
21	27/05/2015	8	14	28	37	38
20	20/05/2015	4	26	32	38	40
19	13/05/2015	4	12	21	26	38
18	06/05/2015	4	12	31	32	40
17	29/04/2015	2	12	21	31	32
16	22/04/2015	8	24	27	30	38
15	15/04/2015	10	12	15	22	39
14	08/04/2015	6	26	31	38	39
13	01/04/2015	18	23	24	26	37
12	25/03/2015	2	13	16	21	23
11	18/03/2015	9	23	31	34	39
10	11/03/2015	3	4	8	20	24
9	04/03/2015	2	5	21	28	40
8	25/02/2015	1	2	20	26	38
7	18/02/2015	15	20	24	33	36
6	11/02/2015	8	20	21	27	31
5	04/02/2015	5	19	25	30	37
4	28/01/2015	12	25	29	33	39
3	21/01/2015	4	15	20	21	35
2	14/01/2015	3	8	22	25	27
1	07/01/2015	4	16	20	31	35
Archivio estrazioni VinciCasa anno 2014
26	31/12/2014	6	11	15	33	39
25	24/12/2014	5	8	13	36	39
24	17/12/2014	5	22	27	31	38
23	10/12/2014	2	23	24	25	38
22	03/12/2014	8	15	18	26	38
21	26/11/2014	3	17	18	30	35
20	19/11/2014	8	23	27	30	32
19	12/11/2014	7	9	23	27	29
18	05/11/2014	3	20	23	29	35
17	29/10/2014	11	13	25	32	34
16	22/10/2014	16	21	22	30	33
15	15/10/2014	11	24	25	27	30
14	08/10/2014	12	23	26	29	39
13	01/10/2014	7	8	18	22	33
12	24/09/2014	3	25	34	37	38
11	17/09/2014	6	10	27	34	38
10	10/09/2014	1	12	18	25	30
9	03/09/2014	2	7	24	30	31
8	27/08/2014	7	13	15	19	20
7	20/08/2014	1	14	19	35	40
6	13/08/2014	4	5	14	15	31
5	06/08/2014	5	6	11	20	23
4	30/07/2014	4	26	30	33	36
3	23/07/2014	19	24	36	38	40
2	16/07/2014	11	20	25	28	37
1	09/07/2014	1	3	14	30	32
76	17/03/2026	3	6	13	28	30
77	18/03/2026	12	20	26	33	39
